50000000	0.026000
50100000	-0.033200
50200000	-0.003200
50300000	0.005200
50400000	0.003600
50500000	-0.007000
50600000	-0.015200
50700000	0.014400
50800000	0.026200
50900000	0.008600
51000000	-0.004600
51100000	0.002600
51200000	0.010800
51300000	0.006000
51400000	0.022600
51500000	-0.005800
51600000	-0.017200
51700000	0.003000
51800000	-0.009400
51900000	0.036800
52000000	-0.038000
52100000	0.007400
52200000	0.025600
52300000	0.026000
52400000	0.015400
52500000	0.028800
52600000	-0.013800
52700000	0.019600
52800000	0.010000
52900000	-0.008600
53000000	-0.018400
53100000	0.007400
53200000	-0.024200
53300000	-0.011000
53400000	0.026200
53500000	-0.018200
53600000	-0.019400
53700000	0.030600
53800000	0.005600
53900000	-0.001200
54000000	-0.001800
54100000	-0.006400
54200000	-0.001800
54300000	0.003000
54400000	-0.009800
54500000	0.004200
54600000	-0.001400
54700000	0.008000
54800000	0.016200
54900000	-0.019600
55000000	0.019800
55100000	-0.007600
55200000	0.011400
55300000	0.007000
55400000	0.018400
55500000	0.036000
55600000	0.001000
55700000	0.016200
55800000	-0.016200
55900000	0.005600
56000000	0.004200
56100000	-0.013200
56200000	0.005800
56300000	-0.002600
56400000	0.001000
56500000	0.040600
56600000	0.036200
56700000	-0.010600
56800000	0.008200
56900000	0.014600
57000000	0.015400
57100000	0.018000
57200000	0.035800
57300000	0.005800
57400000	-0.009800
57500000	0.032200
57600000	-0.042600
57700000	0.000800
57800000	0.029800
57900000	0.015600
58000000	0.009400
58100000	0.012000
58200000	0.043200
58300000	-0.005200
58400000	-0.002800
58500000	0.028600
58600000	-0.013000
58700000	0.020600
58800000	-0.015800
58900000	0.023000
59000000	-0.008200
59100000	0.004200
59200000	-0.013000
59300000	-0.013000
59400000	0.046400
59500000	0.026000
59600000	0.007600
59700000	0.026000
59800000	0.016800
59900000	-0.012800
60000000	-0.003400
60100000	-0.011600
60200000	-0.001800
60300000	-0.035800
60400000	-0.003800
60500000	0.008600
60600000	0.007200
60700000	-0.006400
60800000	-0.001400
60900000	-0.007200
61000000	-0.004800
61100000	-0.024800
61200000	-0.006400
61300000	-0.008000
61400000	0.004000
61500000	0.031600
61600000	0.018400
61700000	0.013000
61800000	0.006000
61900000	0.010200
62000000	0.011800
62100000	0.003000
62200000	0.043800
62300000	-0.010600
62400000	-0.045200
62500000	-0.010000
62600000	0.018200
62700000	0.011400
62800000	-0.023600
62900000	-0.005600
63000000	0.005000
63100000	-0.021600
63200000	-0.003600
63300000	-0.004400
63400000	-0.041800
63500000	-0.018400
63600000	-0.013000
63700000	0.009400
63800000	0.003400
63900000	0.012600
64000000	-0.038400
64100000	0.009800
64200000	-0.015000
64300000	0.005800
64400000	0.016000
64500000	0.000800
64600000	-0.012000
64700000	-0.036400
64800000	0.023600
64900000	0.025000
65000000	-0.049400
65100000	0.012400
65200000	0.005800
65300000	0.002400
65400000	0.014200
65500000	0.021400
65600000	-0.015400
65700000	0.014800
65800000	0.033000
65900000	-0.003200
66000000	0.017400
66100000	0.014000
66200000	-0.025200
66300000	-0.001000
66400000	0.000200
66500000	-0.011200
66600000	0.040800
66700000	-0.001800
66800000	-0.012600
66900000	-0.020600
67000000	-0.008200
67100000	0.008400
67200000	0.037600
67300000	-0.015000
67400000	-0.015200
67500000	0.013400
67600000	0.037800
67700000	0.019200
67800000	0.001800
67900000	0.003200
68000000	-0.028400
68100000	0.003000
68200000	-0.013600
68300000	-0.012800
68400000	0.011200
68500000	-0.014800
68600000	-0.002200
68700000	0.006800
68800000	0.017400
68900000	0.010200
69000000	-0.037600
69100000	0.002200
69200000	0.005200
69300000	0.024200
69400000	-0.012000
69500000	-0.012800
69600000	0.038000
69700000	-0.039800
69800000	0.014800
69900000	0.019000
70000000	0.021000
70100000	-0.003400
70200000	0.005200
70300000	-0.021800
70400000	-0.016400
70500000	0.011000
70600000	0.000800
70700000	-0.013400
70800000	-0.000000
70900000	0.033000
71000000	0.030200
71100000	0.019400
71200000	0.010400
71300000	-0.020800
71400000	-0.009200
71500000	-0.053400
71600000	0.010400
71700000	0.000400
71800000	-0.016000
71900000	0.031600
72000000	0.022600
72100000	0.027600
72200000	-0.015600
72300000	0.006400
72400000	-0.044200
72500000	0.024200
72600000	0.012800
72700000	-0.018400
72800000	0.046600
72900000	-0.005400
73000000	0.012000
73100000	-0.015400
73200000	0.039000
73300000	0.042600
73400000	-0.029600
73500000	0.025400
73600000	-0.010800
73700000	0.009400
73800000	-0.017600
73900000	0.008200
74000000	0.035200
74100000	0.011800
74200000	-0.025600
74300000	-0.022000
74400000	0.023000
74500000	-0.001800
74600000	-0.031200
74700000	-0.018600
74800000	0.028800
74900000	0.007000
75000000	-0.014000
75100000	-0.013000
75200000	-0.018000
75300000	0.005400
75400000	-0.013400
75500000	0.016000
75600000	0.000200
75700000	-0.011200
75800000	-0.027800
75900000	0.006200
76000000	0.023600
76100000	0.003600
76200000	-0.015400
76300000	-0.009000
76400000	-0.006800
76500000	0.019000
76600000	0.022600
76700000	0.007800
76800000	0.019000
76900000	0.016000
77000000	-0.000800
77100000	0.027400
77200000	0.006400
77300000	-0.002000
77400000	-0.024800
77500000	0.031000
77600000	0.002200
77700000	-0.012200
77800000	0.030800
77900000	-0.003200
78000000	0.032000
78100000	0.006600
78200000	0.014800
78300000	-0.019800
78400000	0.013800
78500000	0.025800
78600000	-0.033200
78700000	-0.003000
78800000	-0.011400
78900000	0.014400
79000000	-0.008400
79100000	-0.027000
79200000	-0.027400
79300000	-0.007200
79400000	0.017200
79500000	0.028000
79600000	-0.001000
79700000	-0.004800
79800000	0.001800
79900000	0.013400
80000000	0.008400
80100000	0.007200
80200000	0.004600
80300000	-0.006000
80400000	-0.010200
80500000	-0.017800
80600000	0.040200
80700000	0.012600
80800000	-0.021200
80900000	-0.005400
81000000	0.004600
81100000	-0.001200
81200000	-0.005200
81300000	-0.015400
81400000	0.011200
81500000	-0.020600
81600000	-0.018800
81700000	-0.018200
81800000	0.007600
81900000	0.043600
82000000	0.012200
82100000	0.000000
82200000	-0.007400
82300000	0.018800
82400000	-0.004600
82500000	-0.002200
82600000	0.010800
82700000	0.025800
82800000	-0.020000
82900000	-0.030400
83000000	-0.028400
83100000	-0.007200
83200000	-0.010800
83300000	0.028200
83400000	0.005600
83500000	0.009800
83600000	-0.018800
83700000	0.010200
83800000	0.011800
83900000	0.010800
84000000	-0.016200
84100000	-0.004000
84200000	-0.027800
84300000	0.024800
84400000	0.014400
84500000	0.053000
84600000	-0.025000
84700000	-0.010400
84800000	0.004600
84900000	-0.023400
85000000	-0.009400
85100000	-0.025600
85200000	0.024600
85300000	-0.019400
85400000	-0.015800
85500000	0.012800
85600000	-0.000000
85700000	-0.033200
85800000	0.023400
85900000	0.012000
86000000	0.021200
86100000	-0.015000
86200000	0.011600
86300000	-0.013800
86400000	-0.030800
86500000	0.014600
86600000	-0.001000
86700000	0.007400
86800000	0.001200
86900000	0.006600
87000000	0.008800
87100000	-0.042800
87200000	-0.000400
87300000	-0.012000
87400000	0.003200
87500000	0.010400
87600000	-0.006000
87700000	0.015800
87800000	0.000400
87900000	0.002200
88000000	-0.021000
88100000	0.004000
88200000	0.000400
88300000	0.005800
88400000	-0.039600
88500000	-0.016600
88600000	-0.007000
88700000	0.008200
88800000	-0.003800
88900000	0.008600
89000000	-0.008800
89100000	0.009000
89200000	0.016600
89300000	-0.010800
89400000	0.008400
89500000	0.004600
89600000	0.002400
89700000	0.004200
89800000	-0.013400
89900000	-0.014400
90000000	-0.014200
90100000	0.011400
90200000	-0.007400
90300000	0.032200
90400000	-0.035400
90500000	-0.021600
90600000	-0.010000
90700000	0.018200
90800000	0.006600
90900000	-0.019800
91000000	0.018800
91100000	0.007800
91200000	0.027600
91300000	-0.023600
91400000	-0.016200
91500000	-0.032000
91600000	0.017400
91700000	0.016200
91800000	0.012800
91900000	0.013400
92000000	-0.023600
92100000	0.021800
92200000	-0.005200
92300000	0.006000
92400000	0.013400
92500000	0.016400
92600000	-0.027000
92700000	0.010800
92800000	-0.043600
92900000	-0.012000
93000000	-0.014600
93100000	-0.012800
93200000	0.020800
93300000	-0.009600
93400000	0.020000
93500000	0.012000
93600000	0.016200
93700000	0.013400
93800000	-0.018800
93900000	-0.007000
94000000	-0.021400
94100000	-0.006200
94200000	-0.017800
94300000	0.014000
94400000	0.029400
94500000	-0.002800
94600000	-0.003000
94700000	0.014800
94800000	0.012800
94900000	-0.016200
95000000	0.001800
95100000	-0.024200
95200000	0.021200
95300000	0.021800
95400000	-0.019400
95500000	0.009400
95600000	0.012400
95700000	0.018200
95800000	0.028000
95900000	0.024400
96000000	0.022200
96100000	-0.012000
96200000	0.004400
96300000	-0.010000
96400000	0.017800
96500000	0.003600
96600000	0.011600
96700000	-0.039200
96800000	0.020400
96900000	-0.064400
97000000	-0.024000
97100000	-0.007000
97200000	0.028600
97300000	-0.032800
97400000	0.008200
97500000	0.006800
97600000	-0.016200
97700000	-0.013800
97800000	0.016400
97900000	0.038800
98000000	-0.026600
98100000	0.018200
98200000	0.011800
98300000	-0.004400
98400000	-0.020000
98500000	0.012000
98600000	0.001600
98700000	0.017600
98800000	0.014800
98900000	0.006400
99000000	0.004400
99100000	0.005400
99200000	0.017400
99300000	-0.014200
99400000	0.008600
99500000	0.010400
99600000	-0.021600
99700000	0.010800
99800000	-0.020400
99900000	-0.028200
