50000000	0.004800
50100000	-0.024400
50200000	0.025000
50300000	0.006200
50400000	0.059400
50500000	0.068800
50600000	0.014200
50700000	0.023800
50800000	-0.043000
50900000	-0.009400
51000000	-0.013800
51100000	0.078400
51200000	0.031200
51300000	0.032000
51400000	-0.008800
51500000	0.030200
51600000	-0.006400
51700000	0.027400
51800000	0.038200
51900000	0.010000
52000000	-0.011800
52100000	-0.000000
52200000	0.009200
52300000	0.001000
52400000	0.035400
52500000	0.022200
52600000	0.015800
52700000	-0.026800
52800000	-0.000600
52900000	-0.025400
53000000	0.017200
53100000	0.011800
53200000	-0.012800
53300000	-0.075800
53400000	-0.074000
53500000	-0.057400
53600000	0.027400
53700000	0.006600
53800000	-0.011200
53900000	0.044600
54000000	0.044200
54100000	-0.004400
54200000	0.019600
54300000	-0.000600
54400000	0.008200
54500000	0.020000
54600000	0.036600
54700000	0.022800
54800000	0.016000
54900000	-0.021000
55000000	-0.049800
55100000	-0.020800
55200000	0.013600
55300000	-0.001200
55400000	0.037800
55500000	0.040600
55600000	-0.000600
55700000	0.005000
55800000	0.021200
55900000	-0.005600
56000000	0.011600
56100000	-0.043600
56200000	0.021200
56300000	0.066400
56400000	0.008800
56500000	-0.054800
56600000	0.004000
56700000	0.010200
56800000	-0.022200
56900000	0.005200
57000000	-0.020200
57100000	-0.032800
57200000	-0.039000
57300000	-0.067200
57400000	-0.018200
57500000	0.004600
57600000	-0.008400
57700000	0.034400
57800000	-0.029200
57900000	-0.021400
58000000	0.018000
58100000	-0.016200
58200000	0.013600
58300000	-0.021400
58400000	0.008200
58500000	-0.045800
58600000	-0.024200
58700000	-0.031800
58800000	-0.003600
58900000	0.052200
59000000	0.010600
59100000	0.008800
59200000	0.017400
59300000	0.003400
59400000	-0.009600
59500000	0.009000
59600000	0.004600
59700000	0.006200
59800000	0.031000
59900000	0.051400
60000000	-0.034600
60100000	-0.001400
60200000	-0.018200
60300000	-0.044800
60400000	-0.048800
60500000	0.013400
60600000	-0.024200
60700000	-0.010200
60800000	0.008600
60900000	-0.082000
61000000	-0.019600
61100000	0.027800
61200000	0.002000
61300000	0.017400
61400000	-0.016600
61500000	-0.061400
61600000	-0.009800
61700000	0.045200
61800000	0.017800
61900000	0.045400
62000000	-0.006400
62100000	-0.052600
62200000	0.036600
62300000	-0.031600
62400000	-0.044800
62500000	0.019600
62600000	0.013800
62700000	-0.016400
62800000	-0.015000
62900000	0.000200
63000000	-0.050400
63100000	-0.051000
63200000	0.026600
63300000	0.023800
63400000	-0.013200
63500000	0.010800
63600000	-0.024200
63700000	-0.000400
63800000	-0.039400
63900000	-0.051800
64000000	-0.045800
64100000	-0.031600
64200000	0.018600
64300000	0.037000
64400000	-0.006600
64500000	-0.018800
64600000	-0.003000
64700000	-0.032800
64800000	0.009400
64900000	0.049400
65000000	0.018800
65100000	-0.030400
65200000	-0.049600
65300000	-0.062600
65400000	-0.002000
65500000	0.032800
65600000	0.028200
65700000	0.019800
65800000	0.033600
65900000	0.004200
66000000	-0.005600
66100000	-0.030800
66200000	-0.039800
66300000	-0.017000
66400000	0.003600
66500000	-0.037200
66600000	-0.041400
66700000	-0.052400
66800000	-0.007400
66900000	-0.071800
67000000	-0.025400
67100000	0.005000
67200000	-0.015200
67300000	-0.006400
67400000	0.048000
67500000	0.027600
67600000	0.032400
67700000	0.034000
67800000	0.017800
67900000	-0.011800
68000000	0.034600
68100000	-0.033600
68200000	0.007600
68300000	-0.025000
68400000	0.008800
68500000	-0.004200
68600000	0.035600
68700000	0.010600
68800000	-0.023800
68900000	-0.012000
69000000	0.029200
69100000	-0.045000
69200000	-0.006000
69300000	-0.007200
69400000	-0.023800
69500000	-0.006200
69600000	0.047200
69700000	0.018000
69800000	0.018400
69900000	-0.028400
70000000	0.020200
70100000	-0.005200
70200000	-0.011000
70300000	-0.037800
70400000	-0.025800
70500000	0.008000
70600000	0.027400
70700000	-0.004600
70800000	-0.029000
70900000	-0.025600
71000000	-0.007400
71100000	0.022800
71200000	-0.020200
71300000	-0.011600
71400000	-0.020200
71500000	0.013200
71600000	-0.020000
71700000	-0.031000
71800000	-0.032600
71900000	-0.016000
72000000	-0.069600
72100000	-0.014800
72200000	0.005000
72300000	-0.052200
72400000	0.012800
72500000	0.012000
72600000	-0.049200
72700000	-0.020400
72800000	-0.020200
72900000	0.021800
73000000	-0.016600
73100000	0.024200
73200000	-0.014200
73300000	-0.051400
73400000	-0.018600
73500000	-0.030400
73600000	-0.031000
73700000	-0.012000
73800000	0.000000
73900000	-0.016600
74000000	0.008000
74100000	-0.010800
74200000	0.013400
74300000	-0.007200
74400000	-0.042800
74500000	-0.026400
74600000	-0.035400
74700000	-0.024200
74800000	-0.019200
74900000	-0.018600
75000000	0.015400
75100000	0.023400
75200000	0.050200
75300000	0.028400
75400000	-0.037800
75500000	-0.066600
75600000	0.023200
75700000	0.025000
75800000	0.009000
75900000	-0.068000
76000000	-0.050400
76100000	-0.009000
76200000	-0.016400
76300000	-0.024800
76400000	0.023200
76500000	0.008000
76600000	-0.099000
76700000	-0.052400
76800000	0.005600
76900000	0.042400
77000000	0.025600
77100000	-0.010000
77200000	-0.042200
77300000	0.026600
77400000	-0.045200
77500000	-0.016800
77600000	0.031400
77700000	0.009800
77800000	0.003600
77900000	0.009400
78000000	0.007600
78100000	0.032800
78200000	0.014200
78300000	0.007600
78400000	0.027800
78500000	0.079800
78600000	0.006400
78700000	0.019600
78800000	0.006200
78900000	-0.032000
79000000	0.016400
79100000	0.017200
79200000	0.007000
79300000	0.015800
79400000	-0.018200
79500000	-0.059400
79600000	-0.007200
79700000	0.040000
79800000	-0.041400
79900000	-0.010400
80000000	-0.014000
80100000	0.023400
80200000	-0.003200
80300000	-0.002200
80400000	0.003400
80500000	0.022200
80600000	0.003000
80700000	0.034600
80800000	0.014600
80900000	-0.006400
81000000	0.036600
81100000	-0.003400
81200000	0.043400
81300000	0.026000
81400000	0.036000
81500000	-0.017600
81600000	-0.015000
81700000	0.005000
81800000	0.016400
81900000	0.070800
82000000	0.026000
82100000	0.010000
82200000	0.019200
82300000	0.002800
82400000	0.019800
82500000	0.017000
82600000	-0.036000
82700000	-0.021400
82800000	-0.004400
82900000	-0.044000
83000000	-0.024800
83100000	-0.014400
83200000	0.022600
83300000	-0.049600
83400000	0.002600
83500000	0.023400
83600000	-0.003800
83700000	0.032000
83800000	0.029600
83900000	-0.007400
84000000	-0.020000
84100000	0.022200
84200000	-0.026600
84300000	0.044400
84400000	-0.004600
84500000	-0.025400
84600000	0.035600
84700000	-0.026600
84800000	-0.017000
84900000	0.023800
85000000	0.029200
85100000	0.067000
85200000	0.000200
85300000	-0.033800
85400000	-0.022600
85500000	-0.005800
85600000	0.009200
85700000	-0.016400
85800000	-0.011600
85900000	0.051200
86000000	-0.001400
86100000	-0.019000
86200000	0.028400
86300000	0.006800
86400000	-0.014800
86500000	0.050000
86600000	0.031400
86700000	0.018400
86800000	0.005200
86900000	0.041400
87000000	0.003200
87100000	0.052600
87200000	0.060000
87300000	0.005600
87400000	-0.015800
87500000	0.027600
87600000	0.007800
87700000	0.004400
87800000	0.028200
87900000	-0.006000
88000000	0.000200
88100000	-0.022000
88200000	0.052200
88300000	0.006000
88400000	0.018800
88500000	-0.002000
88600000	-0.035800
88700000	0.002600
88800000	0.049000
88900000	0.019200
89000000	0.031800
89100000	0.026400
89200000	0.027600
89300000	-0.005400
89400000	-0.006600
89500000	0.028800
89600000	0.040800
89700000	0.009400
89800000	-0.009200
89900000	-0.048400
90000000	0.006400
90100000	-0.004600
90200000	0.010400
90300000	0.018200
90400000	-0.031400
90500000	-0.000200
90600000	0.004200
90700000	-0.020400
90800000	-0.050600
90900000	-0.055400
91000000	-0.017400
91100000	-0.025600
91200000	-0.024000
91300000	-0.002800
91400000	0.009600
91500000	-0.039800
91600000	-0.038200
91700000	-0.009800
91800000	0.004600
91900000	-0.019000
92000000	0.024000
92100000	0.021800
92200000	0.013600
92300000	0.028000
92400000	-0.000200
92500000	0.003600
92600000	0.031400
92700000	0.002200
92800000	0.040400
92900000	0.049400
93000000	0.041600
93100000	0.023800
93200000	-0.015400
93300000	-0.028800
93400000	0.005600
93500000	0.012800
93600000	-0.002600
93700000	0.010400
93800000	-0.006600
93900000	-0.005200
94000000	-0.019000
94100000	0.008800
94200000	0.021000
94300000	0.015600
94400000	0.083400
94500000	-0.004400
94600000	-0.047800
94700000	0.004600
94800000	0.038600
94900000	-0.016000
95000000	0.035000
95100000	-0.010800
95200000	-0.004800
95300000	0.003400
95400000	0.029400
95500000	0.028800
95600000	-0.028600
95700000	0.051600
95800000	0.032200
95900000	-0.040400
96000000	0.037800
96100000	0.041800
96200000	0.018000
96300000	0.014400
96400000	-0.046600
96500000	-0.010000
96600000	0.017400
96700000	-0.009800
96800000	-0.011400
96900000	0.012800
97000000	0.013200
97100000	-0.023400
97200000	0.004200
97300000	-0.039400
97400000	-0.025000
97500000	-0.026000
97600000	0.000800
97700000	0.019000
97800000	0.005800
97900000	0.007600
98000000	-0.055400
98100000	-0.055000
98200000	-0.050800
98300000	-0.011200
98400000	0.034800
98500000	0.007200
98600000	-0.025800
98700000	-0.061600
98800000	-0.035400
98900000	-0.010400
99000000	0.009200
99100000	0.009800
99200000	0.007200
99300000	0.042400
99400000	-0.011400
99500000	0.033600
99600000	0.038200
99700000	0.048600
99800000	0.078000
99900000	-0.000400
