50000000	-0.999600
50100000	-0.999600
50200000	-0.998400
50300000	-0.999600
50400000	-0.998800
50500000	-0.999600
50600000	-0.997600
50700000	-0.999200
50800000	-0.999000
50900000	-0.999400
51000000	-0.998800
51100000	-0.998800
51200000	-0.998600
51300000	-0.999000
51400000	-0.999600
51500000	-0.998600
51600000	-0.998600
51700000	-0.998600
51800000	-0.998800
51900000	-0.998800
52000000	-0.999000
52100000	-0.999200
52200000	-0.999400
52300000	-0.999800
52400000	-0.998400
52500000	-0.998800
52600000	-0.999600
52700000	-0.999400
52800000	-0.999400
52900000	-0.998800
53000000	-0.999000
53100000	-0.999600
53200000	-0.998400
53300000	-0.999000
53400000	-0.998600
53500000	-0.997800
53600000	-0.998400
53700000	-0.998800
53800000	-0.998800
53900000	-0.998400
54000000	-0.999400
54100000	-0.998600
54200000	-0.999200
54300000	-0.998800
54400000	-0.999200
54500000	-0.998800
54600000	-0.999200
54700000	-0.999000
54800000	-0.999200
54900000	-0.999000
55000000	-0.999400
55100000	-0.999000
55200000	-0.999000
55300000	-0.999400
55400000	-0.998400
55500000	-0.998800
55600000	-0.998800
55700000	-0.998400
55800000	-0.998000
55900000	-0.999600
56000000	-0.999400
56100000	-0.999400
56200000	-0.999200
56300000	-0.999000
56400000	-0.999000
56500000	-0.999400
56600000	-0.998800
56700000	-0.998400
56800000	-0.999400
56900000	-0.999000
57000000	-0.998600
57100000	-0.999200
57200000	-0.999000
57300000	-0.998400
57400000	-0.998800
57500000	-0.998200
57600000	-0.999200
57700000	-0.999000
57800000	-0.998400
57900000	-0.999400
58000000	-0.999000
58100000	-0.999000
58200000	-0.999200
58300000	-0.999400
58400000	-0.999400
58500000	-0.999200
58600000	-0.998400
58700000	-0.999600
58800000	-0.999400
58900000	-0.998600
59000000	-0.999600
59100000	-0.999000
59200000	-0.999600
59300000	-0.999600
59400000	-0.999000
59500000	-0.998800
59600000	-0.998400
59700000	-0.999200
59800000	-0.998800
59900000	-0.998600
60000000	-0.999400
60100000	-0.999200
60200000	-0.998400
60300000	-0.999000
60400000	-0.999000
60500000	-0.998600
60600000	-0.999400
60700000	-0.997800
60800000	-0.999200
60900000	-0.998400
61000000	-0.999000
61100000	-0.998800
61200000	-0.998800
61300000	-0.999000
61400000	-0.999800
61500000	-0.998600
61600000	-0.998200
61700000	-0.999200
61800000	-0.999000
61900000	-0.999600
62000000	-0.998600
62100000	-0.998800
62200000	-1.000000
62300000	-0.998800
62400000	-0.998600
62500000	-0.999200
62600000	-0.999400
62700000	-0.999200
62800000	-0.999000
62900000	-0.999800
63000000	-0.998600
63100000	-0.999400
63200000	-0.999400
63300000	-0.998800
63400000	-0.999400
63500000	-0.999400
63600000	-0.999200
63700000	-0.998600
63800000	-0.999400
63900000	-0.999600
64000000	-0.998600
64100000	-0.999600
64200000	-0.999600
64300000	-0.999000
64400000	-0.998400
64500000	-0.999400
64600000	-0.999200
64700000	-0.999200
64800000	-0.999000
64900000	-0.998400
65000000	-0.999000
65100000	-0.999200
65200000	-0.998800
65300000	-0.998800
65400000	-0.999200
65500000	-0.999600
65600000	-0.999600
65700000	-0.999400
65800000	-0.998400
65900000	-0.998600
66000000	-0.999200
66100000	-0.998400
66200000	-0.999200
66300000	-0.999400
66400000	-0.999000
66500000	-0.999200
66600000	-0.999400
66700000	-0.998800
66800000	-0.998600
66900000	-0.998800
67000000	-0.998800
67100000	-0.998600
67200000	-0.999000
67300000	-0.998600
67400000	-0.999000
67500000	-0.999600
67600000	-0.998600
67700000	-0.999400
67800000	-0.998800
67900000	-0.999400
68000000	-0.998800
68100000	-0.999600
68200000	-0.999400
68300000	-0.998800
68400000	-0.999000
68500000	-0.999400
68600000	-0.998800
68700000	-0.998400
68800000	-0.998200
68900000	-0.999800
69000000	-0.999000
69100000	-0.999600
69200000	-0.999200
69300000	-0.998600
69400000	-0.998400
69500000	-0.999600
69600000	-0.999600
69700000	-0.999000
69800000	-0.998200
69900000	-0.999400
70000000	-0.999000
70100000	-1.000000
70200000	-0.998000
70300000	-0.999000
70400000	-0.999000
70500000	-0.999400
70600000	-0.999800
70700000	-0.998400
70800000	-0.999200
70900000	-0.999600
71000000	-0.999600
71100000	-0.999000
71200000	-0.999000
71300000	-0.999400
71400000	-0.998400
71500000	-0.999400
71600000	-0.999400
71700000	-0.999600
71800000	-0.999000
71900000	-0.999000
72000000	-0.998600
72100000	-0.998600
72200000	-0.999400
72300000	-0.999000
72400000	-0.999400
72500000	-0.999200
72600000	-0.999600
72700000	-0.998000
72800000	-0.999200
72900000	-0.997800
73000000	-0.999400
73100000	-0.998000
73200000	-0.999600
73300000	-0.998800
73400000	-0.998200
73500000	-0.998800
73600000	-0.999200
73700000	-0.999000
73800000	-0.999600
73900000	-0.999000
74000000	-0.998800
74100000	-0.998800
74200000	-0.998800
74300000	-0.999000
74400000	-0.999000
74500000	-0.997800
74600000	-0.999400
74700000	-0.998800
74800000	-0.999600
74900000	-0.998600
75000000	-0.999400
75100000	-0.999800
75200000	-0.999200
75300000	-0.998600
75400000	-0.998800
75500000	-0.999400
75600000	-0.998800
75700000	-0.998800
75800000	-0.998600
75900000	-0.999400
76000000	-0.999200
76100000	-0.999200
76200000	-0.998200
76300000	-0.999600
76400000	-0.998400
76500000	-0.998800
76600000	-0.998600
76700000	-0.999800
76800000	-0.999000
76900000	-0.998800
77000000	-0.998600
77100000	-0.999000
77200000	-0.997800
77300000	-0.999000
77400000	-0.999000
77500000	-0.998200
77600000	-0.999800
77700000	-0.998000
77800000	-0.998800
77900000	-0.999600
78000000	-0.999400
78100000	-0.999200
78200000	-0.999000
78300000	-0.998600
78400000	-0.998600
78500000	-0.998600
78600000	-0.999400
78700000	-0.998200
78800000	-0.999000
78900000	-0.998400
79000000	-0.997800
79100000	-0.998800
79200000	-1.000000
79300000	-0.999200
79400000	-0.998000
79500000	-0.999400
79600000	-0.997800
79700000	-0.999000
79800000	-0.999000
79900000	-0.999000
80000000	-0.998400
80100000	-0.999200
80200000	-0.998800
80300000	-0.999600
80400000	-0.998800
80500000	-0.999800
80600000	-0.999000
80700000	-0.999600
80800000	-0.998800
80900000	-0.999600
81000000	-0.999800
81100000	-0.999800
81200000	-0.999600
81300000	-0.998800
81400000	-0.999200
81500000	-0.998200
81600000	-0.998400
81700000	-0.999400
81800000	-0.999000
81900000	-0.998400
82000000	-0.998400
82100000	-0.999600
82200000	-0.998800
82300000	-0.998600
82400000	-0.999000
82500000	-0.998600
82600000	-0.999600
82700000	-0.999000
82800000	-0.999200
82900000	-0.999400
83000000	-0.999400
83100000	-0.999200
83200000	-0.999400
83300000	-0.998400
83400000	-0.999400
83500000	-0.999600
83600000	-0.999000
83700000	-0.999600
83800000	-0.999000
83900000	-0.999600
84000000	-0.999400
84100000	-0.998600
84200000	-0.999000
84300000	-0.998800
84400000	-0.999600
84500000	-0.999000
84600000	-0.999000
84700000	-0.999200
84800000	-0.999600
84900000	-0.999400
85000000	-0.999000
85100000	-0.999000
85200000	-0.999400
85300000	-0.999800
85400000	-0.998200
85500000	-0.998800
85600000	-0.999000
85700000	-0.998600
85800000	-0.998400
85900000	-0.998600
86000000	-0.998200
86100000	-0.998800
86200000	-0.999800
86300000	-0.999200
86400000	-0.999000
86500000	-0.999400
86600000	-0.998400
86700000	-0.999200
86800000	-0.998600
86900000	-0.999200
87000000	-0.999400
87100000	-0.998200
87200000	-0.999400
87300000	-0.998800
87400000	-0.999200
87500000	-0.999200
87600000	-0.999400
87700000	-0.998600
87800000	-0.999200
87900000	-0.998600
88000000	-0.999000
88100000	-0.998600
88200000	-0.998600
88300000	-0.999200
88400000	-0.998800
88500000	-0.999000
88600000	-0.999200
88700000	-0.999200
88800000	-0.999600
88900000	-0.999600
89000000	-0.998800
89100000	-0.998400
89200000	-0.999200
89300000	-0.999200
89400000	-0.999000
89500000	-0.999000
89600000	-0.999400
89700000	-0.999200
89800000	-0.998200
89900000	-0.999200
90000000	-0.999800
90100000	-0.998800
90200000	-0.998600
90300000	-0.999200
90400000	-0.999600
90500000	-0.998400
90600000	-0.999200
90700000	-0.999400
90800000	-0.999200
90900000	-0.999200
91000000	-0.999000
91100000	-0.998600
91200000	-0.998800
91300000	-0.998800
91400000	-0.999400
91500000	-0.997800
91600000	-0.999400
91700000	-0.999400
91800000	-0.999400
91900000	-0.998800
92000000	-0.998600
92100000	-0.998800
92200000	-0.999000
92300000	-0.999400
92400000	-0.998600
92500000	-0.999000
92600000	-0.999400
92700000	-0.998200
92800000	-0.998400
92900000	-0.999000
93000000	-0.999000
93100000	-0.998800
93200000	-0.999200
93300000	-0.999000
93400000	-0.999200
93500000	-0.999200
93600000	-0.998400
93700000	-0.998600
93800000	-0.999400
93900000	-0.999000
94000000	-0.998600
94100000	-0.999800
94200000	-0.999800
94300000	-0.999200
94400000	-0.998400
94500000	-0.998600
94600000	-0.998800
94700000	-0.998600
94800000	-0.999400
94900000	-0.999200
95000000	-1.000000
95100000	-0.998800
95200000	-0.999400
95300000	-0.999800
95400000	-0.998800
95500000	-0.999400
95600000	-0.999600
95700000	-0.999000
95800000	-0.999600
95900000	-0.999000
96000000	-0.998800
96100000	-0.999600
96200000	-0.998400
96300000	-0.999200
96400000	-0.999000
96500000	-0.998400
96600000	-0.999600
96700000	-0.998400
96800000	-0.999400
96900000	-0.997600
97000000	-0.999400
97100000	-0.999400
97200000	-0.999400
97300000	-0.999000
97400000	-0.998800
97500000	-0.999200
97600000	-0.999200
97700000	-0.998800
97800000	-0.999800
97900000	-0.998800
98000000	-0.999200
98100000	-0.998800
98200000	-1.000000
98300000	-0.998800
98400000	-0.999000
98500000	-0.999400
98600000	-0.998400
98700000	-0.999200
98800000	-0.999400
98900000	-0.998600
99000000	-0.998600
99100000	-0.999200
99200000	-0.999600
99300000	-0.999000
99400000	-0.998000
99500000	-0.998800
99600000	-0.999400
99700000	-0.999200
99800000	-0.999400
99900000	-0.999400
