50000000	-0.992000
50100000	-0.992800
50200000	-0.992600
50300000	-0.992600
50400000	-0.989600
50500000	-0.990600
50600000	-0.991400
50700000	-0.994600
50800000	-0.991000
50900000	-0.993200
51000000	-0.992200
51100000	-0.992400
51200000	-0.993200
51300000	-0.993800
51400000	-0.992000
51500000	-0.992000
51600000	-0.990400
51700000	-0.993800
51800000	-0.992600
51900000	-0.994000
52000000	-0.994400
52100000	-0.991400
52200000	-0.994000
52300000	-0.994200
52400000	-0.994200
52500000	-0.992400
52600000	-0.992400
52700000	-0.992600
52800000	-0.992800
52900000	-0.994200
53000000	-0.993000
53100000	-0.995400
53200000	-0.993400
53300000	-0.990800
53400000	-0.992800
53500000	-0.992800
53600000	-0.991800
53700000	-0.993800
53800000	-0.993000
53900000	-0.992200
54000000	-0.989800
54100000	-0.993000
54200000	-0.995000
54300000	-0.992800
54400000	-0.994000
54500000	-0.991000
54600000	-0.991600
54700000	-0.993200
54800000	-0.992800
54900000	-0.993200
55000000	-0.992400
55100000	-0.992800
55200000	-0.995200
55300000	-0.992400
55400000	-0.993400
55500000	-0.992000
55600000	-0.994800
55700000	-0.994200
55800000	-0.989200
55900000	-0.990200
56000000	-0.992600
56100000	-0.992200
56200000	-0.993200
56300000	-0.992600
56400000	-0.991600
56500000	-0.994200
56600000	-0.990200
56700000	-0.994200
56800000	-0.993800
56900000	-0.991600
57000000	-0.994800
57100000	-0.994400
57200000	-0.990800
57300000	-0.994000
57400000	-0.994400
57500000	-0.994000
57600000	-0.993600
57700000	-0.994600
57800000	-0.992200
57900000	-0.994600
58000000	-0.992600
58100000	-0.991800
58200000	-0.991400
58300000	-0.993400
58400000	-0.991600
58500000	-0.992400
58600000	-0.992600
58700000	-0.992600
58800000	-0.992600
58900000	-0.992400
59000000	-0.991800
59100000	-0.995000
59200000	-0.993000
59300000	-0.992400
59400000	-0.992200
59500000	-0.990600
59600000	-0.991800
59700000	-0.994000
59800000	-0.992400
59900000	-0.991000
60000000	-0.994000
60100000	-0.992000
60200000	-0.992200
60300000	-0.993200
60400000	-0.993800
60500000	-0.993600
60600000	-0.994200
60700000	-0.994400
60800000	-0.992200
60900000	-0.992600
61000000	-0.993000
61100000	-0.991200
61200000	-0.993800
61300000	-0.993000
61400000	-0.989600
61500000	-0.990600
61600000	-0.992600
61700000	-0.993400
61800000	-0.993600
61900000	-0.992000
62000000	-0.993000
62100000	-0.995400
62200000	-0.993800
62300000	-0.993400
62400000	-0.992000
62500000	-0.994200
62600000	-0.994000
62700000	-0.993200
62800000	-0.993200
62900000	-0.992800
63000000	-0.991400
63100000	-0.994600
63200000	-0.992800
63300000	-0.994800
63400000	-0.995000
63500000	-0.994600
63600000	-0.992800
63700000	-0.992000
63800000	-0.993800
63900000	-0.990800
64000000	-0.992600
64100000	-0.989800
64200000	-0.994600
64300000	-0.995000
64400000	-0.993400
64500000	-0.992000
64600000	-0.994000
64700000	-0.994600
64800000	-0.994400
64900000	-0.993000
65000000	-0.991200
65100000	-0.992800
65200000	-0.993400
65300000	-0.992400
65400000	-0.993200
65500000	-0.991200
65600000	-0.993200
65700000	-0.990800
65800000	-0.993800
65900000	-0.990200
66000000	-0.992600
66100000	-0.995800
66200000	-0.990600
66300000	-0.995000
66400000	-0.993200
66500000	-0.992600
66600000	-0.991600
66700000	-0.992600
66800000	-0.993400
66900000	-0.994600
67000000	-0.992600
67100000	-0.992400
67200000	-0.993000
67300000	-0.991600
67400000	-0.993400
67500000	-0.991000
67600000	-0.991800
67700000	-0.991800
67800000	-0.992000
67900000	-0.994400
68000000	-0.992400
68100000	-0.993800
68200000	-0.993200
68300000	-0.992400
68400000	-0.994800
68500000	-0.994000
68600000	-0.992200
68700000	-0.992200
68800000	-0.995800
68900000	-0.994800
69000000	-0.993200
69100000	-0.993200
69200000	-0.992800
69300000	-0.992600
69400000	-0.994200
69500000	-0.991400
69600000	-0.993400
69700000	-0.993600
69800000	-0.991800
69900000	-0.991800
70000000	-0.992800
70100000	-0.992200
70200000	-0.993200
70300000	-0.992800
70400000	-0.992800
70500000	-0.994600
70600000	-0.991800
70700000	-0.994000
70800000	-0.994400
70900000	-0.995400
71000000	-0.991800
71100000	-0.992400
71200000	-0.994800
71300000	-0.991600
71400000	-0.992200
71500000	-0.990000
71600000	-0.992200
71700000	-0.990800
71800000	-0.993400
71900000	-0.992600
72000000	-0.993600
72100000	-0.992000
72200000	-0.993600
72300000	-0.994200
72400000	-0.991200
72500000	-0.992000
72600000	-0.992600
72700000	-0.992800
72800000	-0.992800
72900000	-0.993400
73000000	-0.993000
73100000	-0.991400
73200000	-0.991800
73300000	-0.994000
73400000	-0.994200
73500000	-0.993400
73600000	-0.994400
73700000	-0.994200
73800000	-0.993000
73900000	-0.988600
74000000	-0.991800
74100000	-0.992400
74200000	-0.993800
74300000	-0.992000
74400000	-0.993400
74500000	-0.993000
74600000	-0.991600
74700000	-0.993200
74800000	-0.991800
74900000	-0.993000
75000000	-0.993400
75100000	-0.993600
75200000	-0.991800
75300000	-0.993800
75400000	-0.991000
75500000	-0.992400
75600000	-0.994200
75700000	-0.991600
75800000	-0.990200
75900000	-0.992600
76000000	-0.994800
76100000	-0.993200
76200000	-0.991800
76300000	-0.992000
76400000	-0.992800
76500000	-0.994000
76600000	-0.994200
76700000	-0.995200
76800000	-0.994600
76900000	-0.992600
77000000	-0.995200
77100000	-0.993600
77200000	-0.992600
77300000	-0.993200
77400000	-0.989400
77500000	-0.990800
77600000	-0.990800
77700000	-0.993400
77800000	-0.993200
77900000	-0.995200
78000000	-0.990800
78100000	-0.993800
78200000	-0.994000
78300000	-0.992600
78400000	-0.993400
78500000	-0.992800
78600000	-0.994200
78700000	-0.993400
78800000	-0.991200
78900000	-0.991000
79000000	-0.991800
79100000	-0.991600
79200000	-0.991400
79300000	-0.993800
79400000	-0.991200
79500000	-0.992400
79600000	-0.992800
79700000	-0.992400
79800000	-0.990600
79900000	-0.993400
80000000	-0.994000
80100000	-0.991800
80200000	-0.994400
80300000	-0.993800
80400000	-0.993400
80500000	-0.992800
80600000	-0.992400
80700000	-0.990400
80800000	-0.994800
80900000	-0.992600
81000000	-0.991000
81100000	-0.993200
81200000	-0.994200
81300000	-0.988200
81400000	-0.991800
81500000	-0.993800
81600000	-0.994600
81700000	-0.993200
81800000	-0.992600
81900000	-0.992600
82000000	-0.991400
82100000	-0.992800
82200000	-0.992600
82300000	-0.991000
82400000	-0.989600
82500000	-0.993600
82600000	-0.993000
82700000	-0.992200
82800000	-0.993000
82900000	-0.992400
83000000	-0.991200
83100000	-0.992400
83200000	-0.994000
83300000	-0.995000
83400000	-0.991400
83500000	-0.993200
83600000	-0.991200
83700000	-0.993600
83800000	-0.993000
83900000	-0.995000
84000000	-0.992200
84100000	-0.992600
84200000	-0.993800
84300000	-0.991400
84400000	-0.993200
84500000	-0.992800
84600000	-0.994800
84700000	-0.992400
84800000	-0.993000
84900000	-0.994000
85000000	-0.990200
85100000	-0.993400
85200000	-0.993800
85300000	-0.991600
85400000	-0.992000
85500000	-0.994600
85600000	-0.992000
85700000	-0.994800
85800000	-0.993000
85900000	-0.994000
86000000	-0.993400
86100000	-0.993600
86200000	-0.992200
86300000	-0.994600
86400000	-0.992400
86500000	-0.991800
86600000	-0.994600
86700000	-0.993600
86800000	-0.992400
86900000	-0.993400
87000000	-0.993800
87100000	-0.992200
87200000	-0.994200
87300000	-0.990800
87400000	-0.994000
87500000	-0.993600
87600000	-0.992400
87700000	-0.992600
87800000	-0.992800
87900000	-0.992200
88000000	-0.992200
88100000	-0.994000
88200000	-0.993400
88300000	-0.994800
88400000	-0.994000
88500000	-0.992000
88600000	-0.991600
88700000	-0.994200
88800000	-0.994200
88900000	-0.993800
89000000	-0.991800
89100000	-0.994200
89200000	-0.994000
89300000	-0.992200
89400000	-0.990800
89500000	-0.993000
89600000	-0.993800
89700000	-0.991400
89800000	-0.991200
89900000	-0.994400
90000000	-0.994000
90100000	-0.992800
90200000	-0.989800
90300000	-0.993800
90400000	-0.993400
90500000	-0.994200
90600000	-0.992200
90700000	-0.992000
90800000	-0.991200
90900000	-0.992400
91000000	-0.994000
91100000	-0.992800
91200000	-0.992200
91300000	-0.993400
91400000	-0.993600
91500000	-0.993600
91600000	-0.992800
91700000	-0.993000
91800000	-0.991600
91900000	-0.993600
92000000	-0.992600
92100000	-0.992200
92200000	-0.993200
92300000	-0.993600
92400000	-0.991400
92500000	-0.992400
92600000	-0.991400
92700000	-0.993000
92800000	-0.990800
92900000	-0.992600
93000000	-0.994000
93100000	-0.991800
93200000	-0.994400
93300000	-0.993800
93400000	-0.992800
93500000	-0.993200
93600000	-0.992400
93700000	-0.990800
93800000	-0.992200
93900000	-0.992000
94000000	-0.991400
94100000	-0.992800
94200000	-0.991800
94300000	-0.992600
94400000	-0.992400
94500000	-0.993000
94600000	-0.993000
94700000	-0.992400
94800000	-0.994400
94900000	-0.992200
95000000	-0.991400
95100000	-0.992400
95200000	-0.993400
95300000	-0.990200
95400000	-0.992400
95500000	-0.993200
95600000	-0.991400
95700000	-0.991000
95800000	-0.993400
95900000	-0.993800
96000000	-0.992200
96100000	-0.991600
96200000	-0.993800
96300000	-0.991600
96400000	-0.993400
96500000	-0.990000
96600000	-0.993000
96700000	-0.992000
96800000	-0.993600
96900000	-0.992200
97000000	-0.996600
97100000	-0.992200
97200000	-0.991400
97300000	-0.995000
97400000	-0.992200
97500000	-0.993400
97600000	-0.992600
97700000	-0.991000
97800000	-0.993200
97900000	-0.994000
98000000	-0.992800
98100000	-0.993000
98200000	-0.993000
98300000	-0.991400
98400000	-0.993200
98500000	-0.993000
98600000	-0.991800
98700000	-0.992800
98800000	-0.992000
98900000	-0.993000
99000000	-0.993000
99100000	-0.992000
99200000	-0.991200
99300000	-0.993400
99400000	-0.992400
99500000	-0.990200
99600000	-0.992000
99700000	-0.993000
99800000	-0.993800
99900000	-0.992000
