50000000	-0.993200
50100000	-0.996200
50200000	-0.994600
50300000	-0.993400
50400000	-0.994800
50500000	-0.996200
50600000	-0.994800
50700000	-0.993200
50800000	-0.993400
50900000	-0.996200
51000000	-0.995200
51100000	-0.994200
51200000	-0.994400
51300000	-0.994600
51400000	-0.993600
51500000	-0.995200
51600000	-0.995600
51700000	-0.995800
51800000	-0.992200
51900000	-0.993200
52000000	-0.994400
52100000	-0.993200
52200000	-0.994400
52300000	-0.994200
52400000	-0.992000
52500000	-0.995600
52600000	-0.992800
52700000	-0.994400
52800000	-0.993000
52900000	-0.995000
53000000	-0.995000
53100000	-0.997200
53200000	-0.993600
53300000	-0.996400
53400000	-0.994400
53500000	-0.995200
53600000	-0.994600
53700000	-0.994600
53800000	-0.994400
53900000	-0.992800
54000000	-0.993600
54100000	-0.994800
54200000	-0.993000
54300000	-0.996000
54400000	-0.992800
54500000	-0.993800
54600000	-0.991600
54700000	-0.994600
54800000	-0.992400
54900000	-0.995600
55000000	-0.995800
55100000	-0.995600
55200000	-0.995600
55300000	-0.995400
55400000	-0.993400
55500000	-0.995600
55600000	-0.993400
55700000	-0.992200
55800000	-0.993800
55900000	-0.993200
56000000	-0.993600
56100000	-0.995200
56200000	-0.995600
56300000	-0.994600
56400000	-0.993200
56500000	-0.996200
56600000	-0.993200
56700000	-0.993800
56800000	-0.996400
56900000	-0.992200
57000000	-0.994000
57100000	-0.994200
57200000	-0.992400
57300000	-0.993800
57400000	-0.996400
57500000	-0.994600
57600000	-0.993000
57700000	-0.994400
57800000	-0.994400
57900000	-0.992600
58000000	-0.993400
58100000	-0.994400
58200000	-0.993000
58300000	-0.993600
58400000	-0.993400
58500000	-0.994400
58600000	-0.994400
58700000	-0.995400
58800000	-0.994400
58900000	-0.992600
59000000	-0.994600
59100000	-0.992600
59200000	-0.994600
59300000	-0.992600
59400000	-0.995200
59500000	-0.995800
59600000	-0.991400
59700000	-0.994000
59800000	-0.994000
59900000	-0.993600
60000000	-0.994800
60100000	-0.995200
60200000	-0.993800
60300000	-0.995000
60400000	-0.992200
60500000	-0.994600
60600000	-0.994000
60700000	-0.993000
60800000	-0.995400
60900000	-0.994200
61000000	-0.994600
61100000	-0.996000
61200000	-0.995000
61300000	-0.994000
61400000	-0.993600
61500000	-0.991800
61600000	-0.993800
61700000	-0.994200
61800000	-0.996200
61900000	-0.992400
62000000	-0.995000
62100000	-0.994800
62200000	-0.995400
62300000	-0.995200
62400000	-0.994800
62500000	-0.994400
62600000	-0.992800
62700000	-0.996400
62800000	-0.992600
62900000	-0.993000
63000000	-0.995400
63100000	-0.992600
63200000	-0.994800
63300000	-0.994200
63400000	-0.993800
63500000	-0.994000
63600000	-0.994200
63700000	-0.994600
63800000	-0.995600
63900000	-0.995400
64000000	-0.993800
64100000	-0.994600
64200000	-0.994800
64300000	-0.995400
64400000	-0.996800
64500000	-0.995800
64600000	-0.992600
64700000	-0.994000
64800000	-0.994000
64900000	-0.995200
65000000	-0.995600
65100000	-0.992000
65200000	-0.994000
65300000	-0.994800
65400000	-0.992000
65500000	-0.995200
65600000	-0.992800
65700000	-0.995600
65800000	-0.994000
65900000	-0.992800
66000000	-0.993800
66100000	-0.993400
66200000	-0.994800
66300000	-0.996200
66400000	-0.994200
66500000	-0.996200
66600000	-0.994600
66700000	-0.993400
66800000	-0.992800
66900000	-0.993600
67000000	-0.994000
67100000	-0.995600
67200000	-0.994600
67300000	-0.996200
67400000	-0.993800
67500000	-0.993000
67600000	-0.995400
67700000	-0.994600
67800000	-0.994000
67900000	-0.995200
68000000	-0.993200
68100000	-0.994200
68200000	-0.994200
68300000	-0.994600
68400000	-0.994400
68500000	-0.993800
68600000	-0.993200
68700000	-0.995000
68800000	-0.993800
68900000	-0.996200
69000000	-0.993200
69100000	-0.995000
69200000	-0.993200
69300000	-0.992200
69400000	-0.995800
69500000	-0.992800
69600000	-0.994000
69700000	-0.993800
69800000	-0.995400
69900000	-0.996800
70000000	-0.995000
70100000	-0.992000
70200000	-0.994000
70300000	-0.993200
70400000	-0.994400
70500000	-0.996000
70600000	-0.994800
70700000	-0.995800
70800000	-0.994200
70900000	-0.995200
71000000	-0.995400
71100000	-0.994200
71200000	-0.994000
71300000	-0.996000
71400000	-0.993600
71500000	-0.994400
71600000	-0.995000
71700000	-0.994800
71800000	-0.994400
71900000	-0.995400
72000000	-0.994800
72100000	-0.995000
72200000	-0.993200
72300000	-0.994600
72400000	-0.994600
72500000	-0.995200
72600000	-0.994800
72700000	-0.994600
72800000	-0.992200
72900000	-0.994200
73000000	-0.994800
73100000	-0.996200
73200000	-0.992400
73300000	-0.992800
73400000	-0.994800
73500000	-0.992000
73600000	-0.992400
73700000	-0.994000
73800000	-0.993200
73900000	-0.995600
74000000	-0.995000
74100000	-0.996800
74200000	-0.993800
74300000	-0.995000
74400000	-0.993200
74500000	-0.993400
74600000	-0.993600
74700000	-0.994000
74800000	-0.992600
74900000	-0.995000
75000000	-0.995600
75100000	-0.995400
75200000	-0.993000
75300000	-0.993600
75400000	-0.995600
75500000	-0.995200
75600000	-0.995000
75700000	-0.993600
75800000	-0.995200
75900000	-0.994600
76000000	-0.995600
76100000	-0.993200
76200000	-0.995800
76300000	-0.994200
76400000	-0.996200
76500000	-0.993600
76600000	-0.994600
76700000	-0.993400
76800000	-0.994800
76900000	-0.994000
77000000	-0.995200
77100000	-0.991800
77200000	-0.993600
77300000	-0.993000
77400000	-0.994800
77500000	-0.994000
77600000	-0.995400
77700000	-0.993000
77800000	-0.995600
77900000	-0.993400
78000000	-0.994200
78100000	-0.995000
78200000	-0.993200
78300000	-0.994000
78400000	-0.993600
78500000	-0.994800
78600000	-0.994800
78700000	-0.995000
78800000	-0.994200
78900000	-0.994000
79000000	-0.995200
79100000	-0.994400
79200000	-0.994200
79300000	-0.995000
79400000	-0.994800
79500000	-0.993400
79600000	-0.994800
79700000	-0.992800
79800000	-0.993800
79900000	-0.994200
80000000	-0.994000
80100000	-0.994600
80200000	-0.992800
80300000	-0.995400
80400000	-0.994600
80500000	-0.995800
80600000	-0.995600
80700000	-0.994800
80800000	-0.994400
80900000	-0.994800
81000000	-0.993800
81100000	-0.994200
81200000	-0.993600
81300000	-0.996000
81400000	-0.996000
81500000	-0.991800
81600000	-0.995800
81700000	-0.994400
81800000	-0.995400
81900000	-0.995200
82000000	-0.993000
82100000	-0.995200
82200000	-0.993400
82300000	-0.995200
82400000	-0.993800
82500000	-0.993800
82600000	-0.993400
82700000	-0.994400
82800000	-0.996200
82900000	-0.994000
83000000	-0.995000
83100000	-0.995400
83200000	-0.993600
83300000	-0.995200
83400000	-0.995200
83500000	-0.994800
83600000	-0.991800
83700000	-0.993400
83800000	-0.995000
83900000	-0.992000
84000000	-0.992600
84100000	-0.994600
84200000	-0.994600
84300000	-0.993400
84400000	-0.995400
84500000	-0.993800
84600000	-0.995600
84700000	-0.993800
84800000	-0.993200
84900000	-0.995800
85000000	-0.994200
85100000	-0.993800
85200000	-0.994000
85300000	-0.994000
85400000	-0.993800
85500000	-0.995000
85600000	-0.994600
85700000	-0.995600
85800000	-0.993600
85900000	-0.995000
86000000	-0.994800
86100000	-0.994000
86200000	-0.994800
86300000	-0.993200
86400000	-0.994800
86500000	-0.993000
86600000	-0.994800
86700000	-0.996400
86800000	-0.993800
86900000	-0.993800
87000000	-0.994400
87100000	-0.994800
87200000	-0.994200
87300000	-0.994400
87400000	-0.994000
87500000	-0.994200
87600000	-0.994600
87700000	-0.994000
87800000	-0.995200
87900000	-0.994000
88000000	-0.994200
88100000	-0.993800
88200000	-0.992800
88300000	-0.994400
88400000	-0.994400
88500000	-0.992200
88600000	-0.993400
88700000	-0.994400
88800000	-0.994200
88900000	-0.993800
89000000	-0.993800
89100000	-0.993400
89200000	-0.996200
89300000	-0.993400
89400000	-0.994600
89500000	-0.992200
89600000	-0.994600
89700000	-0.994200
89800000	-0.993200
89900000	-0.994200
90000000	-0.994400
90100000	-0.993000
90200000	-0.992400
90300000	-0.992800
90400000	-0.995000
90500000	-0.994200
90600000	-0.995400
90700000	-0.992800
90800000	-0.991800
90900000	-0.992000
91000000	-0.993000
91100000	-0.995000
91200000	-0.996000
91300000	-0.995000
91400000	-0.993800
91500000	-0.994000
91600000	-0.993200
91700000	-0.994200
91800000	-0.994800
91900000	-0.994400
92000000	-0.995200
92100000	-0.994800
92200000	-0.993200
92300000	-0.993600
92400000	-0.995400
92500000	-0.993000
92600000	-0.995800
92700000	-0.993000
92800000	-0.994200
92900000	-0.993000
93000000	-0.994400
93100000	-0.994400
93200000	-0.994200
93300000	-0.996000
93400000	-0.994600
93500000	-0.994000
93600000	-0.994600
93700000	-0.992000
93800000	-0.995600
93900000	-0.992000
94000000	-0.994000
94100000	-0.995000
94200000	-0.995400
94300000	-0.991400
94400000	-0.992800
94500000	-0.993800
94600000	-0.993400
94700000	-0.993400
94800000	-0.994400
94900000	-0.992800
95000000	-0.994000
95100000	-0.995800
95200000	-0.992200
95300000	-0.993200
95400000	-0.994000
95500000	-0.994600
95600000	-0.992400
95700000	-0.995400
95800000	-0.994600
95900000	-0.994400
96000000	-0.995200
96100000	-0.994800
96200000	-0.994000
96300000	-0.994600
96400000	-0.996600
96500000	-0.995400
96600000	-0.993800
96700000	-0.993800
96800000	-0.994600
96900000	-0.994200
97000000	-0.994800
97100000	-0.995200
97200000	-0.993800
97300000	-0.993800
97400000	-0.995400
97500000	-0.995600
97600000	-0.996600
97700000	-0.995200
97800000	-0.992800
97900000	-0.994200
98000000	-0.994200
98100000	-0.995200
98200000	-0.995000
98300000	-0.992400
98400000	-0.994800
98500000	-0.994800
98600000	-0.993200
98700000	-0.994600
98800000	-0.992600
98900000	-0.994400
99000000	-0.995200
99100000	-0.994400
99200000	-0.995400
99300000	-0.994200
99400000	-0.994400
99500000	-0.994000
99600000	-0.994200
99700000	-0.994200
99800000	-0.996000
99900000	-0.994000
