50000000	-1.000000
50100000	-0.999800
50200000	-0.999800
50300000	-1.000000
50400000	-1.000000
50500000	-1.000000
50600000	-1.000000
50700000	-1.000000
50800000	-1.000000
50900000	-1.000000
51000000	-0.999600
51100000	-0.999800
51200000	-1.000000
51300000	-1.000000
51400000	-1.000000
51500000	-1.000000
51600000	-1.000000
51700000	-1.000000
51800000	-0.999800
51900000	-1.000000
52000000	-0.999800
52100000	-1.000000
52200000	-1.000000
52300000	-0.999800
52400000	-1.000000
52500000	-1.000000
52600000	-1.000000
52700000	-0.999800
52800000	-1.000000
52900000	-1.000000
53000000	-1.000000
53100000	-1.000000
53200000	-1.000000
53300000	-0.999800
53400000	-1.000000
53500000	-1.000000
53600000	-1.000000
53700000	-1.000000
53800000	-0.999800
53900000	-1.000000
54000000	-0.999800
54100000	-1.000000
54200000	-1.000000
54300000	-1.000000
54400000	-1.000000
54500000	-1.000000
54600000	-1.000000
54700000	-1.000000
54800000	-1.000000
54900000	-1.000000
55000000	-1.000000
55100000	-1.000000
55200000	-0.999400
55300000	-0.999800
55400000	-0.999800
55500000	-0.999800
55600000	-0.999800
55700000	-1.000000
55800000	-1.000000
55900000	-1.000000
56000000	-1.000000
56100000	-0.999800
56200000	-1.000000
56300000	-1.000000
56400000	-0.999600
56500000	-0.999800
56600000	-1.000000
56700000	-0.999800
56800000	-1.000000
56900000	-1.000000
57000000	-1.000000
57100000	-1.000000
57200000	-1.000000
57300000	-1.000000
57400000	-1.000000
57500000	-0.999800
57600000	-0.999800
57700000	-0.999800
57800000	-1.000000
57900000	-0.999800
58000000	-1.000000
58100000	-1.000000
58200000	-1.000000
58300000	-1.000000
58400000	-0.999800
58500000	-1.000000
58600000	-1.000000
58700000	-1.000000
58800000	-0.999800
58900000	-1.000000
59000000	-0.999800
59100000	-1.000000
59200000	-1.000000
59300000	-1.000000
59400000	-0.999800
59500000	-1.000000
59600000	-0.999800
59700000	-1.000000
59800000	-0.999800
59900000	-1.000000
60000000	-0.999800
60100000	-1.000000
60200000	-1.000000
60300000	-1.000000
60400000	-1.000000
60500000	-1.000000
60600000	-0.999800
60700000	-0.999800
60800000	-1.000000
60900000	-1.000000
61000000	-1.000000
61100000	-1.000000
61200000	-1.000000
61300000	-0.999800
61400000	-0.999800
61500000	-1.000000
61600000	-0.999800
61700000	-0.999800
61800000	-1.000000
61900000	-1.000000
62000000	-1.000000
62100000	-0.999600
62200000	-1.000000
62300000	-1.000000
62400000	-0.999600
62500000	-1.000000
62600000	-1.000000
62700000	-0.999600
62800000	-1.000000
62900000	-1.000000
63000000	-1.000000
63100000	-1.000000
63200000	-1.000000
63300000	-1.000000
63400000	-1.000000
63500000	-1.000000
63600000	-0.999800
63700000	-1.000000
63800000	-0.999800
63900000	-1.000000
64000000	-1.000000
64100000	-0.999800
64200000	-0.999800
64300000	-1.000000
64400000	-1.000000
64500000	-1.000000
64600000	-1.000000
64700000	-1.000000
64800000	-1.000000
64900000	-0.999800
65000000	-0.999800
65100000	-1.000000
65200000	-1.000000
65300000	-1.000000
65400000	-0.999800
65500000	-0.999800
65600000	-1.000000
65700000	-0.999800
65800000	-0.999800
65900000	-0.999800
66000000	-1.000000
66100000	-1.000000
66200000	-0.999800
66300000	-0.999800
66400000	-1.000000
66500000	-1.000000
66600000	-0.999800
66700000	-1.000000
66800000	-1.000000
66900000	-1.000000
67000000	-0.999800
67100000	-1.000000
67200000	-1.000000
67300000	-1.000000
67400000	-0.999600
67500000	-1.000000
67600000	-1.000000
67700000	-1.000000
67800000	-0.999600
67900000	-1.000000
68000000	-1.000000
68100000	-0.999800
68200000	-1.000000
68300000	-0.999800
68400000	-1.000000
68500000	-1.000000
68600000	-1.000000
68700000	-1.000000
68800000	-1.000000
68900000	-1.000000
69000000	-0.999800
69100000	-1.000000
69200000	-1.000000
69300000	-0.999800
69400000	-1.000000
69500000	-1.000000
69600000	-1.000000
69700000	-0.999800
69800000	-0.999800
69900000	-1.000000
70000000	-1.000000
70100000	-0.999600
70200000	-0.999600
70300000	-0.999800
70400000	-0.999800
70500000	-1.000000
70600000	-0.999800
70700000	-0.999800
70800000	-1.000000
70900000	-1.000000
71000000	-1.000000
71100000	-1.000000
71200000	-0.999800
71300000	-1.000000
71400000	-1.000000
71500000	-1.000000
71600000	-1.000000
71700000	-1.000000
71800000	-0.999600
71900000	-1.000000
72000000	-0.999800
72100000	-0.999800
72200000	-0.999800
72300000	-0.999800
72400000	-1.000000
72500000	-0.999800
72600000	-0.999800
72700000	-0.999800
72800000	-0.999800
72900000	-1.000000
73000000	-0.999800
73100000	-1.000000
73200000	-0.999800
73300000	-1.000000
73400000	-1.000000
73500000	-1.000000
73600000	-1.000000
73700000	-0.999800
73800000	-1.000000
73900000	-1.000000
74000000	-1.000000
74100000	-1.000000
74200000	-0.999800
74300000	-1.000000
74400000	-1.000000
74500000	-1.000000
74600000	-1.000000
74700000	-1.000000
74800000	-1.000000
74900000	-1.000000
75000000	-1.000000
75100000	-1.000000
75200000	-1.000000
75300000	-1.000000
75400000	-1.000000
75500000	-1.000000
75600000	-1.000000
75700000	-0.999800
75800000	-1.000000
75900000	-1.000000
76000000	-0.999800
76100000	-0.999800
76200000	-0.999800
76300000	-1.000000
76400000	-0.999400
76500000	-0.999800
76600000	-1.000000
76700000	-0.999800
76800000	-1.000000
76900000	-1.000000
77000000	-0.999600
77100000	-0.999600
77200000	-0.999800
77300000	-1.000000
77400000	-1.000000
77500000	-0.999800
77600000	-1.000000
77700000	-0.999400
77800000	-1.000000
77900000	-1.000000
78000000	-0.999800
78100000	-1.000000
78200000	-1.000000
78300000	-0.999800
78400000	-1.000000
78500000	-1.000000
78600000	-0.999800
78700000	-0.999600
78800000	-0.999800
78900000	-0.999800
79000000	-0.999800
79100000	-0.999800
79200000	-1.000000
79300000	-1.000000
79400000	-0.999800
79500000	-1.000000
79600000	-1.000000
79700000	-0.999800
79800000	-1.000000
79900000	-1.000000
80000000	-1.000000
80100000	-1.000000
80200000	-1.000000
80300000	-1.000000
80400000	-1.000000
80500000	-1.000000
80600000	-0.999800
80700000	-0.999800
80800000	-1.000000
80900000	-1.000000
81000000	-0.999800
81100000	-0.999800
81200000	-1.000000
81300000	-0.999800
81400000	-1.000000
81500000	-0.999800
81600000	-1.000000
81700000	-1.000000
81800000	-0.999800
81900000	-0.999800
82000000	-1.000000
82100000	-0.999600
82200000	-1.000000
82300000	-1.000000
82400000	-1.000000
82500000	-0.999800
82600000	-1.000000
82700000	-1.000000
82800000	-0.999800
82900000	-0.999800
83000000	-1.000000
83100000	-1.000000
83200000	-1.000000
83300000	-0.999600
83400000	-0.999800
83500000	-0.999600
83600000	-0.999600
83700000	-1.000000
83800000	-0.999800
83900000	-0.999800
84000000	-1.000000
84100000	-0.999800
84200000	-1.000000
84300000	-0.999800
84400000	-1.000000
84500000	-0.999800
84600000	-0.999800
84700000	-1.000000
84800000	-0.999800
84900000	-1.000000
85000000	-1.000000
85100000	-0.999800
85200000	-0.999800
85300000	-1.000000
85400000	-0.999800
85500000	-1.000000
85600000	-0.999800
85700000	-1.000000
85800000	-0.999800
85900000	-0.999600
86000000	-0.999600
86100000	-0.999800
86200000	-1.000000
86300000	-1.000000
86400000	-1.000000
86500000	-0.999800
86600000	-1.000000
86700000	-1.000000
86800000	-1.000000
86900000	-1.000000
87000000	-1.000000
87100000	-1.000000
87200000	-1.000000
87300000	-1.000000
87400000	-1.000000
87500000	-1.000000
87600000	-0.999800
87700000	-1.000000
87800000	-1.000000
87900000	-1.000000
88000000	-1.000000
88100000	-1.000000
88200000	-1.000000
88300000	-1.000000
88400000	-0.999800
88500000	-1.000000
88600000	-0.999800
88700000	-0.999800
88800000	-1.000000
88900000	-1.000000
89000000	-0.999600
89100000	-1.000000
89200000	-1.000000
89300000	-0.999800
89400000	-1.000000
89500000	-0.999800
89600000	-1.000000
89700000	-0.999800
89800000	-1.000000
89900000	-1.000000
90000000	-0.999800
90100000	-1.000000
90200000	-1.000000
90300000	-1.000000
90400000	-1.000000
90500000	-1.000000
90600000	-1.000000
90700000	-1.000000
90800000	-1.000000
90900000	-0.999600
91000000	-0.999800
91100000	-1.000000
91200000	-1.000000
91300000	-0.999800
91400000	-0.999600
91500000	-0.999600
91600000	-1.000000
91700000	-0.999600
91800000	-0.999800
91900000	-1.000000
92000000	-1.000000
92100000	-1.000000
92200000	-1.000000
92300000	-1.000000
92400000	-0.999800
92500000	-0.999800
92600000	-1.000000
92700000	-0.999800
92800000	-0.999800
92900000	-0.999800
93000000	-1.000000
93100000	-1.000000
93200000	-1.000000
93300000	-1.000000
93400000	-0.999800
93500000	-0.999800
93600000	-0.999800
93700000	-1.000000
93800000	-0.999800
93900000	-0.999800
94000000	-1.000000
94100000	-1.000000
94200000	-1.000000
94300000	-1.000000
94400000	-1.000000
94500000	-1.000000
94600000	-1.000000
94700000	-0.999600
94800000	-1.000000
94900000	-0.999800
95000000	-1.000000
95100000	-1.000000
95200000	-1.000000
95300000	-1.000000
95400000	-1.000000
95500000	-0.999800
95600000	-0.999800
95700000	-0.999800
95800000	-1.000000
95900000	-1.000000
96000000	-1.000000
96100000	-1.000000
96200000	-1.000000
96300000	-0.999800
96400000	-1.000000
96500000	-0.999800
96600000	-0.999600
96700000	-0.999800
96800000	-1.000000
96900000	-1.000000
97000000	-1.000000
97100000	-1.000000
97200000	-0.999600
97300000	-1.000000
97400000	-1.000000
97500000	-1.000000
97600000	-0.999800
97700000	-1.000000
97800000	-0.999800
97900000	-1.000000
98000000	-1.000000
98100000	-1.000000
98200000	-0.999800
98300000	-1.000000
98400000	-1.000000
98500000	-1.000000
98600000	-0.999800
98700000	-1.000000
98800000	-1.000000
98900000	-0.999800
99000000	-0.999800
99100000	-0.999800
99200000	-1.000000
99300000	-1.000000
99400000	-0.999600
99500000	-1.000000
99600000	-0.999400
99700000	-0.999800
99800000	-1.000000
99900000	-1.000000
