50000000	-0.905600
50100000	-0.907800
50200000	-0.904600
50300000	-0.899400
50400000	-0.905200
50500000	-0.902800
50600000	-0.903000
50700000	-0.902200
50800000	-0.894400
50900000	-0.899800
51000000	-0.897000
51100000	-0.898000
51200000	-0.899400
51300000	-0.888400
51400000	-0.907800
51500000	-0.887400
51600000	-0.898000
51700000	-0.904800
51800000	-0.896000
51900000	-0.898600
52000000	-0.901000
52100000	-0.890200
52200000	-0.901800
52300000	-0.894200
52400000	-0.901600
52500000	-0.891400
52600000	-0.902200
52700000	-0.902200
52800000	-0.899800
52900000	-0.897200
53000000	-0.898600
53100000	-0.902000
53200000	-0.892800
53300000	-0.888800
53400000	-0.892800
53500000	-0.896400
53600000	-0.906400
53700000	-0.891600
53800000	-0.896200
53900000	-0.898600
54000000	-0.892000
54100000	-0.909200
54200000	-0.909200
54300000	-0.900800
54400000	-0.906000
54500000	-0.898600
54600000	-0.896800
54700000	-0.907800
54800000	-0.891800
54900000	-0.911800
55000000	-0.906800
55100000	-0.902200
55200000	-0.902800
55300000	-0.887800
55400000	-0.906200
55500000	-0.903000
55600000	-0.898000
55700000	-0.887200
55800000	-0.886800
55900000	-0.902800
56000000	-0.895200
56100000	-0.895800
56200000	-0.896600
56300000	-0.894400
56400000	-0.904600
56500000	-0.900800
56600000	-0.884200
56700000	-0.912400
56800000	-0.897600
56900000	-0.908600
57000000	-0.905800
57100000	-0.893800
57200000	-0.895400
57300000	-0.909200
57400000	-0.895800
57500000	-0.904800
57600000	-0.904400
57700000	-0.898000
57800000	-0.897000
57900000	-0.907400
58000000	-0.895400
58100000	-0.903800
58200000	-0.900400
58300000	-0.891000
58400000	-0.894800
58500000	-0.910200
58600000	-0.901000
58700000	-0.901800
58800000	-0.896600
58900000	-0.898600
59000000	-0.890600
59100000	-0.898200
59200000	-0.902200
59300000	-0.903200
59400000	-0.887600
59500000	-0.904800
59600000	-0.885000
59700000	-0.901200
59800000	-0.886800
59900000	-0.892400
60000000	-0.902600
60100000	-0.896400
60200000	-0.897800
60300000	-0.915000
60400000	-0.895600
60500000	-0.908600
60600000	-0.890800
60700000	-0.895800
60800000	-0.908200
60900000	-0.896800
61000000	-0.894200
61100000	-0.899800
61200000	-0.900600
61300000	-0.903800
61400000	-0.895800
61500000	-0.896400
61600000	-0.891600
61700000	-0.895800
61800000	-0.889600
61900000	-0.895800
62000000	-0.904400
62100000	-0.901400
62200000	-0.901200
62300000	-0.895600
62400000	-0.892600
62500000	-0.880200
62600000	-0.895000
62700000	-0.907400
62800000	-0.902400
62900000	-0.896200
63000000	-0.893800
63100000	-0.898600
63200000	-0.892600
63300000	-0.895600
63400000	-0.892600
63500000	-0.890600
63600000	-0.899600
63700000	-0.896600
63800000	-0.891000
63900000	-0.891600
64000000	-0.899800
64100000	-0.910200
64200000	-0.897200
64300000	-0.901600
64400000	-0.889400
64500000	-0.893200
64600000	-0.897200
64700000	-0.887600
64800000	-0.899200
64900000	-0.910200
65000000	-0.907000
65100000	-0.903600
65200000	-0.902600
65300000	-0.883600
65400000	-0.901200
65500000	-0.908800
65600000	-0.894600
65700000	-0.897600
65800000	-0.898800
65900000	-0.914200
66000000	-0.905000
66100000	-0.904000
66200000	-0.904400
66300000	-0.904600
66400000	-0.897000
66500000	-0.897400
66600000	-0.896400
66700000	-0.900400
66800000	-0.887800
66900000	-0.884000
67000000	-0.894400
67100000	-0.905000
67200000	-0.903800
67300000	-0.901600
67400000	-0.896400
67500000	-0.906000
67600000	-0.903800
67700000	-0.907000
67800000	-0.894200
67900000	-0.897400
68000000	-0.897800
68100000	-0.899400
68200000	-0.892000
68300000	-0.913200
68400000	-0.889800
68500000	-0.901600
68600000	-0.893200
68700000	-0.904800
68800000	-0.902200
68900000	-0.902200
69000000	-0.906600
69100000	-0.892400
69200000	-0.886000
69300000	-0.906400
69400000	-0.892200
69500000	-0.897400
69600000	-0.902800
69700000	-0.903800
69800000	-0.903000
69900000	-0.892600
70000000	-0.878200
70100000	-0.894800
70200000	-0.889400
70300000	-0.902800
70400000	-0.911400
70500000	-0.900400
70600000	-0.901400
70700000	-0.890600
70800000	-0.891800
70900000	-0.899600
71000000	-0.898000
71100000	-0.908000
71200000	-0.899400
71300000	-0.901600
71400000	-0.901000
71500000	-0.907800
71600000	-0.896000
71700000	-0.920200
71800000	-0.897600
71900000	-0.894200
72000000	-0.903200
72100000	-0.892400
72200000	-0.896600
72300000	-0.917400
72400000	-0.906400
72500000	-0.898800
72600000	-0.908200
72700000	-0.897800
72800000	-0.904000
72900000	-0.895000
73000000	-0.912000
73100000	-0.900800
73200000	-0.903000
73300000	-0.898800
73400000	-0.888800
73500000	-0.898400
73600000	-0.907000
73700000	-0.900200
73800000	-0.887000
73900000	-0.905000
74000000	-0.901600
74100000	-0.892800
74200000	-0.896000
74300000	-0.909200
74400000	-0.898800
74500000	-0.906000
74600000	-0.888000
74700000	-0.890800
74800000	-0.903000
74900000	-0.896200
75000000	-0.911400
75100000	-0.895400
75200000	-0.910400
75300000	-0.895200
75400000	-0.888400
75500000	-0.911600
75600000	-0.897400
75700000	-0.892200
75800000	-0.896400
75900000	-0.907200
76000000	-0.887800
76100000	-0.902200
76200000	-0.903800
76300000	-0.896600
76400000	-0.895800
76500000	-0.896800
76600000	-0.901800
76700000	-0.888400
76800000	-0.905200
76900000	-0.901200
77000000	-0.885600
77100000	-0.880200
77200000	-0.902600
77300000	-0.893200
77400000	-0.887400
77500000	-0.896600
77600000	-0.888000
77700000	-0.905200
77800000	-0.911200
77900000	-0.895800
78000000	-0.907200
78100000	-0.904400
78200000	-0.884800
78300000	-0.906800
78400000	-0.906000
78500000	-0.913800
78600000	-0.895400
78700000	-0.902400
78800000	-0.886800
78900000	-0.904800
79000000	-0.893800
79100000	-0.887800
79200000	-0.898000
79300000	-0.896200
79400000	-0.895400
79500000	-0.893200
79600000	-0.887000
79700000	-0.900400
79800000	-0.902200
79900000	-0.901800
80000000	-0.903800
80100000	-0.899400
80200000	-0.895400
80300000	-0.903000
80400000	-0.896200
80500000	-0.893800
80600000	-0.900400
80700000	-0.894600
80800000	-0.890600
80900000	-0.906400
81000000	-0.897800
81100000	-0.901800
81200000	-0.893800
81300000	-0.903400
81400000	-0.898000
81500000	-0.904200
81600000	-0.897600
81700000	-0.909600
81800000	-0.898400
81900000	-0.896000
82000000	-0.909200
82100000	-0.894400
82200000	-0.908800
82300000	-0.914000
82400000	-0.894800
82500000	-0.902000
82600000	-0.902600
82700000	-0.905400
82800000	-0.904200
82900000	-0.909400
83000000	-0.909800
83100000	-0.894600
83200000	-0.902400
83300000	-0.906200
83400000	-0.907600
83500000	-0.898600
83600000	-0.892400
83700000	-0.908800
83800000	-0.902800
83900000	-0.908800
84000000	-0.896600
84100000	-0.901400
84200000	-0.897000
84300000	-0.897200
84400000	-0.907400
84500000	-0.905200
84600000	-0.907800
84700000	-0.898000
84800000	-0.896800
84900000	-0.887600
85000000	-0.882800
85100000	-0.897200
85200000	-0.906000
85300000	-0.905000
85400000	-0.911000
85500000	-0.893200
85600000	-0.902000
85700000	-0.898200
85800000	-0.901400
85900000	-0.905000
86000000	-0.903000
86100000	-0.887600
86200000	-0.905600
86300000	-0.903000
86400000	-0.893400
86500000	-0.895200
86600000	-0.886600
86700000	-0.903000
86800000	-0.911600
86900000	-0.902400
87000000	-0.899600
87100000	-0.901000
87200000	-0.887200
87300000	-0.902200
87400000	-0.899000
87500000	-0.900400
87600000	-0.899800
87700000	-0.896200
87800000	-0.887400
87900000	-0.889400
88000000	-0.900400
88100000	-0.898600
88200000	-0.890400
88300000	-0.887200
88400000	-0.876200
88500000	-0.893800
88600000	-0.889800
88700000	-0.893800
88800000	-0.902600
88900000	-0.908800
89000000	-0.902800
89100000	-0.905800
89200000	-0.903400
89300000	-0.889800
89400000	-0.885600
89500000	-0.902200
89600000	-0.899400
89700000	-0.900600
89800000	-0.904800
89900000	-0.909800
90000000	-0.893200
90100000	-0.895600
90200000	-0.900600
90300000	-0.908800
90400000	-0.899600
90500000	-0.907800
90600000	-0.904000
90700000	-0.913000
90800000	-0.910400
90900000	-0.899000
91000000	-0.903600
91100000	-0.903000
91200000	-0.903000
91300000	-0.897200
91400000	-0.897400
91500000	-0.899400
91600000	-0.898200
91700000	-0.885400
91800000	-0.885400
91900000	-0.890200
92000000	-0.895400
92100000	-0.907200
92200000	-0.909400
92300000	-0.915400
92400000	-0.905400
92500000	-0.901600
92600000	-0.883800
92700000	-0.910000
92800000	-0.891800
92900000	-0.907600
93000000	-0.882600
93100000	-0.897400
93200000	-0.898600
93300000	-0.895000
93400000	-0.896800
93500000	-0.899600
93600000	-0.903200
93700000	-0.907600
93800000	-0.914600
93900000	-0.908800
94000000	-0.883200
94100000	-0.895000
94200000	-0.886000
94300000	-0.900000
94400000	-0.907400
94500000	-0.898800
94600000	-0.897800
94700000	-0.889000
94800000	-0.880800
94900000	-0.899600
95000000	-0.897400
95100000	-0.907400
95200000	-0.904200
95300000	-0.892400
95400000	-0.891600
95500000	-0.899600
95600000	-0.901800
95700000	-0.899800
95800000	-0.895800
95900000	-0.899400
96000000	-0.900000
96100000	-0.905000
96200000	-0.899000
96300000	-0.905000
96400000	-0.902400
96500000	-0.901600
96600000	-0.900800
96700000	-0.900400
96800000	-0.901400
96900000	-0.902600
97000000	-0.892000
97100000	-0.895400
97200000	-0.878600
97300000	-0.894400
97400000	-0.899200
97500000	-0.902400
97600000	-0.907400
97700000	-0.896800
97800000	-0.886600
97900000	-0.915600
98000000	-0.898000
98100000	-0.906400
98200000	-0.894400
98300000	-0.904200
98400000	-0.900000
98500000	-0.894000
98600000	-0.897800
98700000	-0.901600
98800000	-0.897200
98900000	-0.904400
99000000	-0.913200
99100000	-0.906800
99200000	-0.902600
99300000	-0.892200
99400000	-0.889600
99500000	-0.889400
99600000	-0.885200
99700000	-0.896800
99800000	-0.890600
99900000	-0.895600
