50000000	-0.024000
50100000	0.003200
50200000	-0.036800
50300000	-0.078200
50400000	-0.061600
50500000	-0.100600
50600000	-0.139200
50700000	-0.158600
50800000	-0.151400
50900000	-0.072000
51000000	-0.014800
51100000	0.005400
51200000	-0.017400
51300000	-0.081400
51400000	-0.084800
51500000	-0.115400
51600000	-0.132600
51700000	-0.150800
51800000	-0.152600
51900000	-0.121600
52000000	-0.086400
52100000	-0.090400
52200000	-0.092600
52300000	-0.103000
52400000	-0.122000
52500000	-0.170600
52600000	-0.150000
52700000	-0.134000
52800000	-0.142000
52900000	-0.163600
53000000	-0.128800
53100000	-0.141200
53200000	-0.086000
53300000	-0.058000
53400000	-0.060400
53500000	-0.088800
53600000	-0.073800
53700000	-0.136200
53800000	-0.146400
53900000	-0.070200
54000000	-0.060200
54100000	-0.052200
54200000	-0.041600
54300000	-0.017600
54400000	-0.024200
54500000	-0.041200
54600000	0.000200
54700000	-0.018600
54800000	0.001400
54900000	-0.045000
55000000	0.063800
55100000	0.027000
55200000	0.133800
55300000	0.127800
55400000	0.084000
55500000	0.152600
55600000	0.154800
55700000	0.132400
55800000	0.137200
55900000	0.113400
56000000	0.154400
56100000	0.114400
56200000	0.120000
56300000	0.166000
56400000	0.136000
56500000	0.159600
56600000	0.101000
56700000	0.055800
56800000	0.055800
56900000	0.079400
57000000	0.112400
57100000	0.067600
57200000	0.030600
57300000	0.003800
57400000	0.040600
57500000	0.057000
57600000	0.061800
57700000	0.027200
57800000	0.042000
57900000	0.074600
58000000	-0.000600
58100000	-0.039400
58200000	0.024400
58300000	0.063800
58400000	0.061600
58500000	0.004800
58600000	-0.017600
58700000	-0.003200
58800000	-0.023800
58900000	-0.056600
59000000	-0.128800
59100000	-0.063200
59200000	-0.047400
59300000	-0.026400
59400000	0.042200
59500000	0.039200
59600000	0.051000
59700000	0.087800
59800000	0.104000
59900000	0.085800
60000000	0.067600
60100000	0.103200
60200000	0.070800
60300000	0.032000
60400000	0.015600
60500000	-0.000400
60600000	-0.030000
60700000	-0.043600
60800000	-0.013800
60900000	-0.006800
61000000	0.026200
61100000	0.037600
61200000	0.099200
61300000	0.109200
61400000	0.091800
61500000	0.167000
61600000	0.189600
61700000	0.159200
61800000	0.205800
61900000	0.132200
62000000	0.122200
62100000	0.117200
62200000	0.130200
62300000	0.108400
62400000	0.064800
62500000	0.071800
62600000	0.095800
62700000	0.100200
62800000	0.134800
62900000	0.138400
63000000	0.108400
63100000	0.125200
63200000	0.088800
63300000	0.074000
63400000	0.106800
63500000	0.065000
63600000	0.039600
63700000	0.045200
63800000	0.027200
63900000	0.012600
64000000	-0.013400
64100000	-0.028600
64200000	0.008200
64300000	-0.075600
64400000	-0.044600
64500000	-0.058000
64600000	-0.070000
64700000	0.008400
64800000	-0.043800
64900000	-0.018800
65000000	-0.058400
65100000	-0.057600
65200000	-0.024600
65300000	-0.028400
65400000	-0.039200
65500000	-0.048000
65600000	-0.032000
65700000	-0.055600
65800000	-0.092400
65900000	-0.139200
66000000	-0.161000
66100000	-0.114400
66200000	-0.118000
66300000	-0.083800
66400000	-0.053000
66500000	-0.098800
66600000	-0.112800
66700000	-0.070200
66800000	-0.116600
66900000	-0.104200
67000000	-0.100000
67100000	-0.073000
67200000	-0.071000
67300000	-0.106000
67400000	-0.065200
67500000	-0.082600
67600000	-0.067000
67700000	-0.014400
67800000	-0.080000
67900000	-0.059600
68000000	-0.064600
68100000	-0.132800
68200000	-0.104200
68300000	-0.092200
68400000	-0.050600
68500000	0.007200
68600000	-0.010000
68700000	0.007600
68800000	-0.011400
68900000	0.025600
69000000	-0.029000
69100000	-0.014800
69200000	-0.002600
69300000	0.044200
69400000	0.153800
69500000	0.175000
69600000	0.208600
69700000	0.148800
69800000	0.116800
69900000	0.112000
70000000	0.121600
70100000	0.062800
70200000	0.040600
70300000	0.066600
70400000	0.087000
70500000	0.053400
70600000	-0.006600
70700000	-0.032800
70800000	-0.065600
70900000	-0.144000
71000000	-0.167000
71100000	-0.156600
71200000	-0.187600
71300000	-0.141600
71400000	-0.197400
71500000	-0.179800
71600000	-0.190000
71700000	-0.164800
71800000	-0.192600
71900000	-0.211600
72000000	-0.170000
72100000	-0.203400
72200000	-0.223600
72300000	-0.258000
72400000	-0.305200
72500000	-0.244600
72600000	-0.194400
72700000	-0.213000
72800000	-0.193600
72900000	-0.136200
73000000	-0.085800
73100000	-0.090200
73200000	-0.020000
73300000	-0.039600
73400000	0.012800
73500000	0.024800
73600000	-0.013000
73700000	0.052600
73800000	0.023000
73900000	0.004800
74000000	0.055600
74100000	0.148200
74200000	0.178600
74300000	0.213800
74400000	0.243200
74500000	0.178600
74600000	0.157200
74700000	0.143400
74800000	0.099200
74900000	0.108800
75000000	0.121800
75100000	0.150800
75200000	0.167800
75300000	0.180400
75400000	0.227000
75500000	0.238400
75600000	0.223800
75700000	0.237200
75800000	0.268000
75900000	0.238000
76000000	0.228400
76100000	0.277600
76200000	0.236600
76300000	0.245600
76400000	0.230400
76500000	0.242600
76600000	0.345200
76700000	0.303800
76800000	0.285200
76900000	0.197200
77000000	0.201600
77100000	0.221000
77200000	0.167800
77300000	0.152400
77400000	0.151800
77500000	0.191400
77600000	0.166600
77700000	0.199600
77800000	0.184000
77900000	0.189000
78000000	0.159000
78100000	0.188200
78200000	0.205200
78300000	0.189600
78400000	0.168600
78500000	0.182000
78600000	0.152600
78700000	0.197400
78800000	0.178600
78900000	0.215600
79000000	0.247200
79100000	0.223800
79200000	0.222600
79300000	0.226800
79400000	0.260800
79500000	0.221400
79600000	0.195400
79700000	0.165000
79800000	0.115000
79900000	0.135600
80000000	0.090200
80100000	0.075600
80200000	0.082600
80300000	0.095600
80400000	0.077400
80500000	0.105600
80600000	0.098000
80700000	0.117800
80800000	0.094400
80900000	0.119600
81000000	0.140000
81100000	0.106400
81200000	0.066200
81300000	0.086000
81400000	0.106800
81500000	0.147000
81600000	0.157800
81700000	0.171800
81800000	0.153200
81900000	0.141600
82000000	0.160000
82100000	0.139600
82200000	0.173200
82300000	0.266400
82400000	0.239800
82500000	0.186800
82600000	0.229400
82700000	0.191200
82800000	0.156000
82900000	0.164600
83000000	0.171200
83100000	0.202400
83200000	0.191600
83300000	0.208600
83400000	0.189400
83500000	0.200200
83600000	0.146000
83700000	0.116800
83800000	0.129600
83900000	0.136200
84000000	0.144200
84100000	0.088200
84200000	0.094400
84300000	0.111800
84400000	0.161800
84500000	0.118200
84600000	0.122600
84700000	0.087400
84800000	0.147400
84900000	0.082000
85000000	0.036400
85100000	-0.009800
85200000	-0.048400
85300000	-0.105400
85400000	-0.142000
85500000	-0.100000
85600000	-0.098800
85700000	-0.140200
85800000	-0.140600
85900000	-0.104800
86000000	-0.127000
86100000	-0.150400
86200000	-0.161000
86300000	-0.156400
86400000	-0.159400
86500000	-0.137200
86600000	-0.144400
86700000	-0.126600
86800000	-0.150200
86900000	-0.128200
87000000	-0.098400
87100000	-0.081000
87200000	-0.056000
87300000	-0.099600
87400000	-0.067000
87500000	-0.013800
87600000	-0.025400
87700000	-0.042000
87800000	-0.091600
87900000	-0.060200
88000000	-0.091200
88100000	-0.040600
88200000	-0.113000
88300000	-0.136600
88400000	-0.095600
88500000	-0.103600
88600000	-0.140000
88700000	-0.083600
88800000	-0.088200
88900000	-0.160200
89000000	-0.136200
89100000	-0.106600
89200000	-0.132000
89300000	-0.153800
89400000	-0.116000
89500000	-0.097800
89600000	-0.097200
89700000	-0.073000
89800000	-0.073000
89900000	-0.100400
90000000	-0.078600
90100000	-0.062000
90200000	-0.109800
90300000	-0.130400
90400000	-0.141200
90500000	-0.145200
90600000	-0.094600
90700000	-0.123000
90800000	-0.193000
90900000	-0.213200
91000000	-0.234600
91100000	-0.165800
91200000	-0.091600
91300000	-0.071000
91400000	-0.053800
91500000	-0.042800
91600000	-0.088400
91700000	-0.104200
91800000	-0.117200
91900000	-0.119200
92000000	-0.089600
92100000	-0.086600
92200000	-0.067200
92300000	-0.063400
92400000	-0.090200
92500000	0.003600
92600000	0.032600
92700000	0.021200
92800000	0.016000
92900000	0.038200
93000000	0.055800
93100000	0.084600
93200000	0.077000
93300000	0.065600
93400000	0.113400
93500000	0.100200
93600000	0.083800
93700000	0.124600
93800000	0.082200
93900000	0.099800
94000000	0.134600
94100000	0.153600
94200000	0.147000
94300000	0.076600
94400000	0.094600
94500000	0.101400
94600000	0.146600
94700000	0.212800
94800000	0.271600
94900000	0.255000
95000000	0.218000
95100000	0.232000
95200000	0.230200
95300000	0.217000
95400000	0.168400
95500000	0.138400
95600000	0.140200
95700000	0.163600
95800000	0.095800
95900000	0.055400
96000000	0.118600
96100000	0.119200
96200000	0.129000
96300000	0.156800
96400000	0.145800
96500000	0.180000
96600000	0.154400
96700000	0.146000
96800000	0.180200
96900000	0.170400
97000000	0.154000
97100000	0.078200
97200000	0.142800
97300000	0.105400
97400000	0.139400
97500000	0.139400
97600000	0.068600
97700000	0.050600
97800000	0.041800
97900000	0.128000
98000000	0.115800
98100000	0.110200
98200000	0.125400
98300000	0.097800
98400000	0.155600
98500000	0.155600
98600000	0.102600
98700000	0.065800
98800000	0.057600
98900000	0.064200
99000000	0.090400
99100000	0.114200
99200000	0.128600
99300000	0.132000
99400000	0.134600
99500000	0.175600
99600000	0.155400
99700000	0.190400
99800000	0.191600
99900000	0.186200
