50000000	-0.010400
50100000	-0.004600
50200000	0.001800
50300000	-0.005800
50400000	-0.023800
50500000	0.011400
50600000	-0.015800
50700000	-0.039400
50800000	0.015800
50900000	0.023800
51000000	0.006600
51100000	0.002000
51200000	0.025600
51300000	0.002000
51400000	0.001600
51500000	0.003000
51600000	-0.002400
51700000	0.018200
51800000	0.002600
51900000	0.010400
52000000	-0.018800
52100000	-0.003200
52200000	-0.007200
52300000	-0.006000
52400000	-0.010200
52500000	-0.006400
52600000	0.000000
52700000	0.002600
52800000	-0.015800
52900000	-0.025200
53000000	-0.003800
53100000	0.010600
53200000	0.001400
53300000	0.033400
53400000	-0.005400
53500000	0.022200
53600000	0.037400
53700000	0.003200
53800000	-0.048600
53900000	-0.006600
54000000	-0.041200
54100000	0.007200
54200000	-0.009000
54300000	0.001200
54400000	-0.031600
54500000	-0.000800
54600000	0.018600
54700000	-0.022400
54800000	-0.031600
54900000	0.008800
55000000	-0.002400
55100000	0.014800
55200000	0.006600
55300000	0.000200
55400000	0.013200
55500000	-0.005000
55600000	0.013200
55700000	-0.001000
55800000	0.035400
55900000	-0.008000
56000000	0.012400
56100000	-0.045600
56200000	-0.029400
56300000	0.018400
56400000	0.003000
56500000	-0.003800
56600000	0.008200
56700000	-0.005600
56800000	0.015800
56900000	0.013200
57000000	0.007200
57100000	-0.007200
57200000	0.012600
57300000	0.018400
57400000	-0.009800
57500000	0.023000
57600000	-0.052200
57700000	-0.022800
57800000	0.009600
57900000	-0.010400
58000000	0.000400
58100000	-0.001800
58200000	-0.019800
58300000	-0.020400
58400000	-0.006800
58500000	-0.025400
58600000	-0.037200
58700000	0.035200
58800000	-0.016600
58900000	0.016600
59000000	-0.000400
59100000	0.038000
59200000	-0.016400
59300000	0.008000
59400000	-0.015200
59500000	0.002800
59600000	0.012000
59700000	-0.029800
59800000	0.030800
59900000	0.022600
60000000	-0.007400
60100000	-0.002800
60200000	-0.010200
60300000	0.015000
60400000	-0.000600
60500000	-0.001600
60600000	-0.002200
60700000	0.020800
60800000	-0.036600
60900000	0.051600
61000000	0.005600
61100000	-0.012800
61200000	0.003800
61300000	-0.014200
61400000	0.007400
61500000	-0.003400
61600000	-0.028000
61700000	-0.009800
61800000	-0.008000
61900000	-0.001000
62000000	-0.004200
62100000	0.005400
62200000	0.016400
62300000	-0.016800
62400000	-0.009200
62500000	0.019200
62600000	-0.006000
62700000	0.014000
62800000	-0.021600
62900000	0.021800
63000000	-0.000200
63100000	0.009200
63200000	0.030200
63300000	0.038000
63400000	0.014400
63500000	0.012400
63600000	0.010800
63700000	-0.006800
63800000	0.021000
63900000	0.004000
64000000	0.013600
64100000	0.007400
64200000	-0.006000
64300000	0.013000
64400000	0.013800
64500000	0.010600
64600000	0.017200
64700000	-0.027200
64800000	-0.016400
64900000	0.011400
65000000	0.016000
65100000	0.011200
65200000	0.010600
65300000	-0.006000
65400000	0.010200
65500000	-0.010600
65600000	-0.030200
65700000	-0.002400
65800000	0.001000
65900000	0.002200
66000000	-0.019400
66100000	0.031600
66200000	0.000400
66300000	-0.010000
66400000	-0.004200
66500000	-0.039200
66600000	-0.004600
66700000	-0.013200
66800000	-0.010000
66900000	-0.017800
67000000	-0.005200
67100000	0.021000
67200000	0.011400
67300000	-0.009800
67400000	0.006200
67500000	-0.010400
67600000	-0.022600
67700000	0.057000
67800000	0.019400
67900000	-0.002600
68000000	0.021000
68100000	0.033200
68200000	-0.011000
68300000	0.000600
68400000	-0.004200
68500000	0.026400
68600000	0.005800
68700000	0.014200
68800000	-0.054200
68900000	-0.015600
69000000	-0.010400
69100000	0.019400
69200000	0.037000
69300000	-0.034800
69400000	-0.027800
69500000	-0.019600
69600000	-0.009400
69700000	-0.003400
69800000	0.006000
69900000	0.010800
70000000	0.017400
70100000	0.034600
70200000	0.025400
70300000	0.037600
70400000	-0.008600
70500000	-0.004000
70600000	0.028400
70700000	0.001600
70800000	-0.045400
70900000	0.016200
71000000	0.019800
71100000	0.007400
71200000	-0.014600
71300000	0.013000
71400000	-0.001600
71500000	0.006400
71600000	-0.010000
71700000	-0.000800
71800000	0.006600
71900000	-0.031600
72000000	0.002600
72100000	0.002800
72200000	-0.050600
72300000	-0.011600
72400000	0.042600
72500000	-0.008000
72600000	0.030600
72700000	0.012800
72800000	-0.000000
72900000	0.007200
73000000	-0.010600
73100000	0.012800
73200000	0.018600
73300000	-0.005400
73400000	-0.026600
73500000	0.016200
73600000	-0.015000
73700000	0.006000
73800000	-0.020400
73900000	0.001200
74000000	0.027000
74100000	-0.013200
74200000	0.018800
74300000	-0.039600
74400000	0.015800
74500000	-0.021400
74600000	-0.030400
74700000	0.027000
74800000	0.015400
74900000	0.006400
75000000	-0.010800
75100000	0.018000
75200000	0.023000
75300000	0.025600
75400000	0.028600
75500000	0.009000
75600000	0.006600
75700000	-0.006200
75800000	-0.021600
75900000	0.006800
76000000	-0.045200
76100000	0.023800
76200000	0.002600
76300000	-0.006600
76400000	0.011600
76500000	-0.002800
76600000	0.000400
76700000	0.035200
76800000	0.014400
76900000	-0.003000
77000000	-0.016200
77100000	-0.005000
77200000	-0.014400
77300000	0.016600
77400000	0.021000
77500000	-0.001800
77600000	0.009400
77700000	0.015400
77800000	-0.004400
77900000	0.026000
78000000	0.009400
78100000	0.004600
78200000	0.008800
78300000	-0.026800
78400000	-0.018800
78500000	-0.011800
78600000	0.014600
78700000	-0.007600
78800000	-0.008400
78900000	-0.000400
79000000	0.011200
79100000	0.006600
79200000	0.020400
79300000	0.006400
79400000	-0.009000
79500000	0.009800
79600000	0.006400
79700000	-0.003800
79800000	-0.005000
79900000	0.023800
80000000	0.006400
80100000	-0.012600
80200000	0.006400
80300000	0.019800
80400000	0.012400
80500000	0.025800
80600000	0.000000
80700000	-0.013200
80800000	0.013000
80900000	0.003000
81000000	0.013200
81100000	-0.050000
81200000	0.022000
81300000	-0.004000
81400000	0.000400
81500000	0.003600
81600000	0.004600
81700000	-0.001600
81800000	0.032000
81900000	-0.018800
82000000	-0.012400
82100000	0.039200
82200000	0.004400
82300000	0.008000
82400000	-0.016000
82500000	0.028000
82600000	0.000800
82700000	0.006000
82800000	0.008600
82900000	0.010200
83000000	0.009200
83100000	0.005600
83200000	-0.006600
83300000	0.032000
83400000	-0.010000
83500000	0.033400
83600000	0.052600
83700000	-0.006200
83800000	-0.010800
83900000	-0.001200
84000000	-0.031000
84100000	0.002400
84200000	-0.011400
84300000	-0.003200
84400000	0.028200
84500000	-0.020000
84600000	0.020200
84700000	0.001800
84800000	-0.012800
84900000	-0.004200
85000000	0.007600
85100000	-0.001000
85200000	-0.017600
85300000	0.053000
85400000	-0.013200
85500000	0.009200
85600000	-0.037200
85700000	-0.022200
85800000	-0.004000
85900000	0.013000
86000000	0.002000
86100000	-0.019000
86200000	0.002600
86300000	-0.001000
86400000	0.012000
86500000	0.001000
86600000	-0.009800
86700000	-0.022800
86800000	-0.010600
86900000	-0.000200
87000000	0.032000
87100000	0.017600
87200000	-0.019800
87300000	0.014000
87400000	0.002800
87500000	-0.003200
87600000	0.014600
87700000	0.025200
87800000	-0.027800
87900000	-0.024600
88000000	-0.008800
88100000	-0.023800
88200000	0.019600
88300000	-0.016600
88400000	0.022800
88500000	0.016600
88600000	-0.000800
88700000	0.015800
88800000	-0.003600
88900000	0.012000
89000000	0.000600
89100000	0.040600
89200000	-0.035400
89300000	-0.013200
89400000	-0.002000
89500000	-0.002000
89600000	0.010800
89700000	0.024400
89800000	0.001600
89900000	0.030600
90000000	0.006600
90100000	-0.003000
90200000	-0.003800
90300000	0.001400
90400000	0.003800
90500000	-0.016800
90600000	-0.010000
90700000	-0.011000
90800000	0.041000
90900000	0.015000
91000000	0.019000
91100000	-0.026600
91200000	0.013400
91300000	0.009000
91400000	0.019200
91500000	-0.035400
91600000	-0.000400
91700000	-0.008200
91800000	0.022000
91900000	0.019800
92000000	0.006400
92100000	0.011200
92200000	0.014400
92300000	-0.020000
92400000	-0.033000
92500000	0.020000
92600000	0.022000
92700000	0.028400
92800000	-0.009000
92900000	0.001600
93000000	-0.017400
93100000	-0.019400
93200000	-0.007200
93300000	0.026600
93400000	-0.017000
93500000	-0.034600
93600000	0.007400
93700000	-0.014800
93800000	0.006200
93900000	0.010200
94000000	-0.008200
94100000	0.004800
94200000	-0.017400
94300000	-0.001800
94400000	-0.028000
94500000	0.022800
94600000	0.002600
94700000	0.009800
94800000	0.047600
94900000	0.002400
95000000	0.011800
95100000	-0.006000
95200000	0.005400
95300000	0.021800
95400000	-0.000600
95500000	0.015800
95600000	0.002000
95700000	0.019200
95800000	0.004400
95900000	0.008800
96000000	-0.032600
96100000	-0.018200
96200000	0.001600
96300000	0.020200
96400000	-0.010400
96500000	0.007600
96600000	-0.007200
96700000	0.009400
96800000	-0.003800
96900000	0.036600
97000000	0.031200
97100000	0.011600
97200000	-0.014400
97300000	0.000200
97400000	0.004000
97500000	0.043200
97600000	0.027800
97700000	-0.027000
97800000	-0.019600
97900000	0.037400
98000000	-0.002000
98100000	0.014600
98200000	-0.008000
98300000	0.006000
98400000	0.022200
98500000	-0.017800
98600000	0.018400
98700000	-0.007800
98800000	0.020200
98900000	0.005000
99000000	-0.016000
99100000	0.005800
99200000	0.024600
99300000	0.011000
99400000	0.001000
99500000	-0.017600
99600000	-0.011800
99700000	0.045600
99800000	0.023000
99900000	0.012600
