50000000	-0.932400
50100000	-0.938000
50200000	-0.935800
50300000	-0.934400
50400000	-0.935800
50500000	-0.928200
50600000	-0.939800
50700000	-0.933600
50800000	-0.929800
50900000	-0.925600
51000000	-0.931600
51100000	-0.926400
51200000	-0.932200
51300000	-0.928400
51400000	-0.930000
51500000	-0.936600
51600000	-0.935200
51700000	-0.932600
51800000	-0.929000
51900000	-0.930800
52000000	-0.933800
52100000	-0.942000
52200000	-0.929400
52300000	-0.929600
52400000	-0.935000
52500000	-0.935600
52600000	-0.934600
52700000	-0.932800
52800000	-0.935000
52900000	-0.936000
53000000	-0.935000
53100000	-0.922200
53200000	-0.931000
53300000	-0.938000
53400000	-0.930400
53500000	-0.934000
53600000	-0.927600
53700000	-0.924000
53800000	-0.930600
53900000	-0.926800
54000000	-0.924600
54100000	-0.928200
54200000	-0.936600
54300000	-0.933000
54400000	-0.933200
54500000	-0.936800
54600000	-0.937200
54700000	-0.931200
54800000	-0.926200
54900000	-0.931400
55000000	-0.935800
55100000	-0.938800
55200000	-0.932000
55300000	-0.924000
55400000	-0.927800
55500000	-0.929800
55600000	-0.932800
55700000	-0.929000
55800000	-0.922400
55900000	-0.931000
56000000	-0.932600
56100000	-0.936400
56200000	-0.933600
56300000	-0.936400
56400000	-0.924000
56500000	-0.934000
56600000	-0.926600
56700000	-0.923800
56800000	-0.928800
56900000	-0.928600
57000000	-0.934400
57100000	-0.936200
57200000	-0.932200
57300000	-0.936800
57400000	-0.934800
57500000	-0.937200
57600000	-0.937200
57700000	-0.936200
57800000	-0.937200
57900000	-0.930000
58000000	-0.931800
58100000	-0.937200
58200000	-0.935600
58300000	-0.934400
58400000	-0.926400
58500000	-0.932200
58600000	-0.934000
58700000	-0.935000
58800000	-0.937200
58900000	-0.931800
59000000	-0.932600
59100000	-0.930400
59200000	-0.929600
59300000	-0.925800
59400000	-0.927000
59500000	-0.924200
59600000	-0.936600
59700000	-0.933400
59800000	-0.938600
59900000	-0.931400
60000000	-0.938600
60100000	-0.933800
60200000	-0.932000
60300000	-0.926000
60400000	-0.929000
60500000	-0.929200
60600000	-0.927600
60700000	-0.938800
60800000	-0.937800
60900000	-0.932200
61000000	-0.934400
61100000	-0.920200
61200000	-0.943200
61300000	-0.928200
61400000	-0.938000
61500000	-0.920000
61600000	-0.931800
61700000	-0.935400
61800000	-0.927600
61900000	-0.928000
62000000	-0.925000
62100000	-0.934600
62200000	-0.927000
62300000	-0.938400
62400000	-0.929400
62500000	-0.932400
62600000	-0.929200
62700000	-0.926200
62800000	-0.937200
62900000	-0.926400
63000000	-0.933800
63100000	-0.934600
63200000	-0.935600
63300000	-0.930400
63400000	-0.932600
63500000	-0.923800
63600000	-0.937000
63700000	-0.928600
63800000	-0.926800
63900000	-0.931600
64000000	-0.937400
64100000	-0.939000
64200000	-0.935400
64300000	-0.931600
64400000	-0.928800
64500000	-0.926800
64600000	-0.922200
64700000	-0.925800
64800000	-0.937800
64900000	-0.939200
65000000	-0.934800
65100000	-0.932800
65200000	-0.924800
65300000	-0.929800
65400000	-0.937400
65500000	-0.924800
65600000	-0.933200
65700000	-0.933600
65800000	-0.939400
65900000	-0.933200
66000000	-0.928000
66100000	-0.935800
66200000	-0.930800
66300000	-0.927800
66400000	-0.936000
66500000	-0.929000
66600000	-0.929400
66700000	-0.935800
66800000	-0.923600
66900000	-0.924400
67000000	-0.933600
67100000	-0.926600
67200000	-0.934400
67300000	-0.932200
67400000	-0.930000
67500000	-0.932200
67600000	-0.932400
67700000	-0.941200
67800000	-0.929200
67900000	-0.916000
68000000	-0.928600
68100000	-0.923400
68200000	-0.938800
68300000	-0.941000
68400000	-0.928200
68500000	-0.929200
68600000	-0.932600
68700000	-0.932600
68800000	-0.933200
68900000	-0.931000
69000000	-0.932200
69100000	-0.922200
69200000	-0.934800
69300000	-0.933000
69400000	-0.932400
69500000	-0.930200
69600000	-0.927600
69700000	-0.928200
69800000	-0.922200
69900000	-0.925400
70000000	-0.933000
70100000	-0.934000
70200000	-0.929800
70300000	-0.939200
70400000	-0.933400
70500000	-0.939400
70600000	-0.924000
70700000	-0.930400
70800000	-0.932800
70900000	-0.919800
71000000	-0.938400
71100000	-0.926800
71200000	-0.934600
71300000	-0.936000
71400000	-0.936400
71500000	-0.933600
71600000	-0.935400
71700000	-0.943000
71800000	-0.928400
71900000	-0.934800
72000000	-0.932200
72100000	-0.928400
72200000	-0.918400
72300000	-0.932800
72400000	-0.926200
72500000	-0.930800
72600000	-0.917200
72700000	-0.932600
72800000	-0.933400
72900000	-0.924600
73000000	-0.933600
73100000	-0.930800
73200000	-0.939600
73300000	-0.918600
73400000	-0.931600
73500000	-0.933800
73600000	-0.925200
73700000	-0.937600
73800000	-0.931000
73900000	-0.925400
74000000	-0.938800
74100000	-0.923200
74200000	-0.931400
74300000	-0.930200
74400000	-0.936000
74500000	-0.934200
74600000	-0.936800
74700000	-0.927600
74800000	-0.929600
74900000	-0.920200
75000000	-0.934200
75100000	-0.935000
75200000	-0.927200
75300000	-0.938000
75400000	-0.932400
75500000	-0.927000
75600000	-0.924000
75700000	-0.935800
75800000	-0.931400
75900000	-0.936400
76000000	-0.929600
76100000	-0.925800
76200000	-0.930200
76300000	-0.929200
76400000	-0.939800
76500000	-0.933200
76600000	-0.924200
76700000	-0.932200
76800000	-0.934000
76900000	-0.922200
77000000	-0.934200
77100000	-0.927000
77200000	-0.937000
77300000	-0.923200
77400000	-0.936000
77500000	-0.934200
77600000	-0.930400
77700000	-0.929400
77800000	-0.936400
77900000	-0.927600
78000000	-0.923600
78100000	-0.922400
78200000	-0.926800
78300000	-0.932800
78400000	-0.933600
78500000	-0.921600
78600000	-0.936800
78700000	-0.933600
78800000	-0.932000
78900000	-0.936400
79000000	-0.933000
79100000	-0.934000
79200000	-0.933000
79300000	-0.930400
79400000	-0.923800
79500000	-0.930000
79600000	-0.934800
79700000	-0.937600
79800000	-0.938800
79900000	-0.925200
80000000	-0.930800
80100000	-0.932400
80200000	-0.924200
80300000	-0.941200
80400000	-0.934400
80500000	-0.936000
80600000	-0.941200
80700000	-0.927400
80800000	-0.926000
80900000	-0.930400
81000000	-0.933600
81100000	-0.934400
81200000	-0.934200
81300000	-0.939400
81400000	-0.934800
81500000	-0.922800
81600000	-0.926800
81700000	-0.929800
81800000	-0.927800
81900000	-0.924600
82000000	-0.930000
82100000	-0.923000
82200000	-0.930800
82300000	-0.929400
82400000	-0.929200
82500000	-0.932400
82600000	-0.935600
82700000	-0.924800
82800000	-0.928600
82900000	-0.929800
83000000	-0.930800
83100000	-0.928000
83200000	-0.929000
83300000	-0.926200
83400000	-0.933000
83500000	-0.935600
83600000	-0.933000
83700000	-0.935200
83800000	-0.939800
83900000	-0.937200
84000000	-0.925000
84100000	-0.931800
84200000	-0.938200
84300000	-0.932200
84400000	-0.942200
84500000	-0.932800
84600000	-0.928800
84700000	-0.935600
84800000	-0.932400
84900000	-0.933800
85000000	-0.932000
85100000	-0.943600
85200000	-0.930800
85300000	-0.936400
85400000	-0.926800
85500000	-0.919800
85600000	-0.929400
85700000	-0.933400
85800000	-0.933600
85900000	-0.934000
86000000	-0.928400
86100000	-0.937200
86200000	-0.923600
86300000	-0.933600
86400000	-0.930400
86500000	-0.939000
86600000	-0.932400
86700000	-0.937400
86800000	-0.933000
86900000	-0.925200
87000000	-0.932800
87100000	-0.933800
87200000	-0.929600
87300000	-0.929400
87400000	-0.928800
87500000	-0.930800
87600000	-0.935000
87700000	-0.937400
87800000	-0.930800
87900000	-0.930600
88000000	-0.934600
88100000	-0.939000
88200000	-0.931000
88300000	-0.928800
88400000	-0.932200
88500000	-0.927800
88600000	-0.927600
88700000	-0.925800
88800000	-0.934000
88900000	-0.926600
89000000	-0.927000
89100000	-0.929400
89200000	-0.924600
89300000	-0.928200
89400000	-0.928200
89500000	-0.921800
89600000	-0.934000
89700000	-0.921400
89800000	-0.929400
89900000	-0.931600
90000000	-0.930000
90100000	-0.926600
90200000	-0.931400
90300000	-0.931000
90400000	-0.924000
90500000	-0.932400
90600000	-0.932400
90700000	-0.933400
90800000	-0.922600
90900000	-0.932600
91000000	-0.925000
91100000	-0.927200
91200000	-0.931200
91300000	-0.937000
91400000	-0.929000
91500000	-0.936200
91600000	-0.935600
91700000	-0.929000
91800000	-0.935200
91900000	-0.934600
92000000	-0.939400
92100000	-0.924000
92200000	-0.935600
92300000	-0.939600
92400000	-0.938800
92500000	-0.938600
92600000	-0.933200
92700000	-0.926000
92800000	-0.934000
92900000	-0.934200
93000000	-0.926800
93100000	-0.937200
93200000	-0.933800
93300000	-0.938000
93400000	-0.934200
93500000	-0.923600
93600000	-0.935000
93700000	-0.929000
93800000	-0.919600
93900000	-0.933000
94000000	-0.925800
94100000	-0.935200
94200000	-0.935400
94300000	-0.939000
94400000	-0.936000
94500000	-0.943400
94600000	-0.933400
94700000	-0.937400
94800000	-0.936200
94900000	-0.933200
95000000	-0.932200
95100000	-0.938000
95200000	-0.934000
95300000	-0.935600
95400000	-0.935400
95500000	-0.931000
95600000	-0.922200
95700000	-0.929600
95800000	-0.933400
95900000	-0.930000
96000000	-0.931400
96100000	-0.923600
96200000	-0.928800
96300000	-0.923600
96400000	-0.925800
96500000	-0.927400
96600000	-0.928800
96700000	-0.933400
96800000	-0.927400
96900000	-0.934000
97000000	-0.933400
97100000	-0.934200
97200000	-0.931400
97300000	-0.936200
97400000	-0.931000
97500000	-0.927400
97600000	-0.928800
97700000	-0.937400
97800000	-0.930200
97900000	-0.931600
98000000	-0.923400
98100000	-0.936200
98200000	-0.930200
98300000	-0.927200
98400000	-0.923800
98500000	-0.921800
98600000	-0.935400
98700000	-0.934000
98800000	-0.930400
98900000	-0.929400
99000000	-0.928200
99100000	-0.923600
99200000	-0.931600
99300000	-0.930600
99400000	-0.938400
99500000	-0.927200
99600000	-0.931000
99700000	-0.933800
99800000	-0.923200
99900000	-0.926400
