50000000	-1.000000
50100000	-0.999800
50200000	-0.999800
50300000	-0.999800
50400000	-0.999600
50500000	-1.000000
50600000	-0.999800
50700000	-0.999600
50800000	-1.000000
50900000	-1.000000
51000000	-0.999400
51100000	-1.000000
51200000	-1.000000
51300000	-1.000000
51400000	-0.999800
51500000	-0.999800
51600000	-0.999800
51700000	-1.000000
51800000	-0.999800
51900000	-1.000000
52000000	-0.999800
52100000	-1.000000
52200000	-1.000000
52300000	-0.999800
52400000	-1.000000
52500000	-0.999400
52600000	-1.000000
52700000	-1.000000
52800000	-0.999800
52900000	-1.000000
53000000	-0.999800
53100000	-0.999800
53200000	-1.000000
53300000	-0.999800
53400000	-0.999400
53500000	-0.999800
53600000	-0.999800
53700000	-0.999600
53800000	-0.999800
53900000	-0.999400
54000000	-1.000000
54100000	-1.000000
54200000	-1.000000
54300000	-1.000000
54400000	-1.000000
54500000	-1.000000
54600000	-0.999800
54700000	-0.999400
54800000	-0.999800
54900000	-0.999600
55000000	-1.000000
55100000	-0.999800
55200000	-0.999800
55300000	-0.999800
55400000	-0.999800
55500000	-0.999800
55600000	-1.000000
55700000	-1.000000
55800000	-1.000000
55900000	-1.000000
56000000	-1.000000
56100000	-1.000000
56200000	-0.999800
56300000	-1.000000
56400000	-1.000000
56500000	-0.999600
56600000	-0.999800
56700000	-1.000000
56800000	-1.000000
56900000	-0.999800
57000000	-1.000000
57100000	-1.000000
57200000	-0.999600
57300000	-0.999600
57400000	-0.999800
57500000	-1.000000
57600000	-0.999800
57700000	-0.999600
57800000	-0.999800
57900000	-0.999800
58000000	-0.999800
58100000	-1.000000
58200000	-1.000000
58300000	-0.999800
58400000	-1.000000
58500000	-0.999800
58600000	-0.999800
58700000	-0.999800
58800000	-0.999800
58900000	-1.000000
59000000	-0.999800
59100000	-0.999800
59200000	-0.999800
59300000	-1.000000
59400000	-1.000000
59500000	-0.999800
59600000	-0.999600
59700000	-1.000000
59800000	-0.999800
59900000	-0.999800
60000000	-1.000000
60100000	-0.999800
60200000	-1.000000
60300000	-0.999800
60400000	-0.999800
60500000	-0.999800
60600000	-1.000000
60700000	-0.999800
60800000	-1.000000
60900000	-0.999400
61000000	-1.000000
61100000	-1.000000
61200000	-1.000000
61300000	-1.000000
61400000	-1.000000
61500000	-1.000000
61600000	-0.999800
61700000	-0.999800
61800000	-0.999400
61900000	-1.000000
62000000	-1.000000
62100000	-0.999800
62200000	-1.000000
62300000	-0.999800
62400000	-0.999800
62500000	-1.000000
62600000	-0.999600
62700000	-0.999200
62800000	-0.999800
62900000	-0.999800
63000000	-0.999400
63100000	-1.000000
63200000	-1.000000
63300000	-1.000000
63400000	-0.999800
63500000	-0.999600
63600000	-0.999800
63700000	-0.999600
63800000	-1.000000
63900000	-0.999800
64000000	-1.000000
64100000	-0.999800
64200000	-1.000000
64300000	-1.000000
64400000	-0.999800
64500000	-0.999800
64600000	-1.000000
64700000	-0.999800
64800000	-0.999600
64900000	-1.000000
65000000	-0.999800
65100000	-1.000000
65200000	-1.000000
65300000	-1.000000
65400000	-0.999400
65500000	-1.000000
65600000	-1.000000
65700000	-0.999800
65800000	-1.000000
65900000	-0.999800
66000000	-1.000000
66100000	-1.000000
66200000	-0.999600
66300000	-0.999600
66400000	-0.999400
66500000	-0.999800
66600000	-0.999800
66700000	-1.000000
66800000	-1.000000
66900000	-1.000000
67000000	-0.999600
67100000	-0.999800
67200000	-0.999800
67300000	-0.999600
67400000	-1.000000
67500000	-0.999800
67600000	-0.999800
67700000	-0.999600
67800000	-0.999600
67900000	-1.000000
68000000	-0.999800
68100000	-0.999400
68200000	-0.999400
68300000	-1.000000
68400000	-0.999600
68500000	-1.000000
68600000	-0.999600
68700000	-0.999600
68800000	-1.000000
68900000	-0.999800
69000000	-1.000000
69100000	-0.999800
69200000	-1.000000
69300000	-0.999800
69400000	-0.999600
69500000	-1.000000
69600000	-0.999600
69700000	-1.000000
69800000	-0.999800
69900000	-0.999800
70000000	-0.999800
70100000	-1.000000
70200000	-0.999800
70300000	-0.999800
70400000	-0.999800
70500000	-0.999600
70600000	-1.000000
70700000	-0.999400
70800000	-1.000000
70900000	-0.999800
71000000	-1.000000
71100000	-1.000000
71200000	-0.999400
71300000	-0.999400
71400000	-0.999400
71500000	-1.000000
71600000	-0.999800
71700000	-1.000000
71800000	-1.000000
71900000	-0.999800
72000000	-1.000000
72100000	-1.000000
72200000	-0.999800
72300000	-0.999800
72400000	-1.000000
72500000	-1.000000
72600000	-0.999600
72700000	-0.999800
72800000	-0.999400
72900000	-0.999800
73000000	-0.999800
73100000	-1.000000
73200000	-0.999800
73300000	-0.999600
73400000	-0.999600
73500000	-0.999600
73600000	-1.000000
73700000	-0.999800
73800000	-0.999600
73900000	-0.999800
74000000	-1.000000
74100000	-1.000000
74200000	-1.000000
74300000	-0.999600
74400000	-0.999800
74500000	-1.000000
74600000	-1.000000
74700000	-1.000000
74800000	-1.000000
74900000	-0.999600
75000000	-0.999000
75100000	-1.000000
75200000	-0.999800
75300000	-1.000000
75400000	-1.000000
75500000	-1.000000
75600000	-1.000000
75700000	-0.999800
75800000	-1.000000
75900000	-0.999800
76000000	-0.999800
76100000	-0.999800
76200000	-1.000000
76300000	-0.999800
76400000	-0.999800
76500000	-1.000000
76600000	-0.999400
76700000	-1.000000
76800000	-0.999800
76900000	-1.000000
77000000	-0.999800
77100000	-1.000000
77200000	-0.999800
77300000	-1.000000
77400000	-0.999600
77500000	-0.999800
77600000	-0.999400
77700000	-0.999800
77800000	-0.999600
77900000	-0.999800
78000000	-0.999800
78100000	-1.000000
78200000	-0.999800
78300000	-1.000000
78400000	-1.000000
78500000	-1.000000
78600000	-1.000000
78700000	-0.999800
78800000	-1.000000
78900000	-0.999800
79000000	-1.000000
79100000	-0.999800
79200000	-1.000000
79300000	-0.999800
79400000	-1.000000
79500000	-1.000000
79600000	-1.000000
79700000	-1.000000
79800000	-0.999800
79900000	-1.000000
80000000	-1.000000
80100000	-0.999400
80200000	-0.999600
80300000	-0.999800
80400000	-1.000000
80500000	-1.000000
80600000	-0.999800
80700000	-0.999800
80800000	-1.000000
80900000	-1.000000
81000000	-0.999800
81100000	-1.000000
81200000	-1.000000
81300000	-1.000000
81400000	-0.999600
81500000	-0.999800
81600000	-1.000000
81700000	-1.000000
81800000	-1.000000
81900000	-0.999600
82000000	-1.000000
82100000	-0.999800
82200000	-0.999800
82300000	-1.000000
82400000	-0.999800
82500000	-0.999800
82600000	-1.000000
82700000	-0.999800
82800000	-0.999800
82900000	-0.999800
83000000	-1.000000
83100000	-0.999800
83200000	-0.999800
83300000	-0.999600
83400000	-0.999600
83500000	-0.999800
83600000	-1.000000
83700000	-0.999800
83800000	-1.000000
83900000	-1.000000
84000000	-0.999800
84100000	-1.000000
84200000	-1.000000
84300000	-0.999800
84400000	-1.000000
84500000	-1.000000
84600000	-1.000000
84700000	-0.999800
84800000	-1.000000
84900000	-0.999800
85000000	-0.999200
85100000	-0.999800
85200000	-0.999800
85300000	-1.000000
85400000	-1.000000
85500000	-0.999800
85600000	-0.999800
85700000	-1.000000
85800000	-1.000000
85900000	-0.999600
86000000	-0.999800
86100000	-0.999800
86200000	-1.000000
86300000	-0.999800
86400000	-1.000000
86500000	-0.999800
86600000	-0.999400
86700000	-0.999800
86800000	-0.999800
86900000	-0.999600
87000000	-1.000000
87100000	-0.999800
87200000	-1.000000
87300000	-1.000000
87400000	-1.000000
87500000	-0.999600
87600000	-0.999800
87700000	-0.999600
87800000	-1.000000
87900000	-0.999800
88000000	-0.999800
88100000	-0.999600
88200000	-0.999800
88300000	-0.999600
88400000	-0.999800
88500000	-1.000000
88600000	-0.999600
88700000	-0.999800
88800000	-0.999200
88900000	-1.000000
89000000	-1.000000
89100000	-0.999800
89200000	-0.999800
89300000	-0.999600
89400000	-0.999800
89500000	-1.000000
89600000	-0.999400
89700000	-0.999800
89800000	-1.000000
89900000	-1.000000
90000000	-0.999600
90100000	-1.000000
90200000	-0.999600
90300000	-0.999800
90400000	-0.999800
90500000	-0.999600
90600000	-0.999800
90700000	-1.000000
90800000	-1.000000
90900000	-1.000000
91000000	-0.999800
91100000	-0.999400
91200000	-0.999800
91300000	-1.000000
91400000	-0.999600
91500000	-1.000000
91600000	-0.999800
91700000	-1.000000
91800000	-0.999600
91900000	-0.999600
92000000	-0.999600
92100000	-1.000000
92200000	-1.000000
92300000	-0.999800
92400000	-1.000000
92500000	-0.999800
92600000	-0.999800
92700000	-0.999600
92800000	-0.999600
92900000	-0.999800
93000000	-1.000000
93100000	-0.999600
93200000	-0.999400
93300000	-0.999800
93400000	-0.999800
93500000	-0.999600
93600000	-1.000000
93700000	-1.000000
93800000	-0.999400
93900000	-1.000000
94000000	-0.999800
94100000	-0.999800
94200000	-0.999800
94300000	-1.000000
94400000	-0.999800
94500000	-1.000000
94600000	-0.999800
94700000	-1.000000
94800000	-1.000000
94900000	-1.000000
95000000	-0.999200
95100000	-1.000000
95200000	-0.999800
95300000	-1.000000
95400000	-1.000000
95500000	-1.000000
95600000	-0.999600
95700000	-0.999800
95800000	-1.000000
95900000	-0.999600
96000000	-1.000000
96100000	-0.999800
96200000	-1.000000
96300000	-1.000000
96400000	-1.000000
96500000	-1.000000
96600000	-0.999800
96700000	-1.000000
96800000	-1.000000
96900000	-1.000000
97000000	-1.000000
97100000	-0.999800
97200000	-1.000000
97300000	-0.999800
97400000	-0.999600
97500000	-1.000000
97600000	-0.999800
97700000	-1.000000
97800000	-1.000000
97900000	-1.000000
98000000	-1.000000
98100000	-0.999800
98200000	-0.999800
98300000	-1.000000
98400000	-0.999800
98500000	-0.999800
98600000	-1.000000
98700000	-1.000000
98800000	-0.999600
98900000	-0.999800
99000000	-1.000000
99100000	-0.999600
99200000	-0.999400
99300000	-0.999400
99400000	-0.999800
99500000	-1.000000
99600000	-0.999800
99700000	-0.999800
99800000	-1.000000
99900000	-0.999400
