50000000	0.065000
50100000	0.058200
50200000	-0.023800
50300000	0.003400
50400000	-0.015400
50500000	-0.006200
50600000	-0.013000
50700000	0.038600
50800000	-0.003000
50900000	0.001800
51000000	0.027000
51100000	-0.003600
51200000	0.055800
51300000	0.078000
51400000	-0.016800
51500000	-0.021600
51600000	-0.005400
51700000	0.026800
51800000	-0.012800
51900000	-0.016800
52000000	0.005200
52100000	0.038000
52200000	-0.041000
52300000	0.020000
52400000	0.018200
52500000	0.032400
52600000	0.041400
52700000	0.019000
52800000	-0.018200
52900000	-0.030200
53000000	-0.025800
53100000	-0.040000
53200000	-0.031600
53300000	-0.016800
53400000	0.043400
53500000	0.045800
53600000	0.024200
53700000	0.026600
53800000	-0.012800
53900000	-0.020600
54000000	-0.004200
54100000	-0.015600
54200000	-0.002800
54300000	0.045600
54400000	0.043200
54500000	0.066600
54600000	0.025000
54700000	0.029000
54800000	0.035000
54900000	0.037800
55000000	0.011200
55100000	-0.026000
55200000	-0.083200
55300000	-0.015800
55400000	-0.013400
55500000	0.002200
55600000	-0.001600
55700000	0.041400
55800000	0.092200
55900000	0.064200
56000000	0.057000
56100000	-0.004400
56200000	-0.040400
56300000	0.022600
56400000	0.038000
56500000	0.022600
56600000	-0.030800
56700000	-0.029000
56800000	-0.009800
56900000	0.004400
57000000	-0.029000
57100000	0.015200
57200000	0.004000
57300000	0.045000
57400000	0.092800
57500000	-0.007000
57600000	-0.009400
57700000	0.018800
57800000	0.034800
57900000	0.000000
58000000	-0.014000
58100000	-0.001800
58200000	-0.020400
58300000	-0.005000
58400000	-0.012000
58500000	-0.032400
58600000	-0.037200
58700000	-0.005600
58800000	0.007800
58900000	0.005800
59000000	0.003000
59100000	-0.027400
59200000	-0.031200
59300000	-0.017200
59400000	0.009600
59500000	0.010600
59600000	0.031800
59700000	0.047000
59800000	-0.012800
59900000	0.024200
60000000	0.041400
60100000	-0.005000
60200000	-0.010600
60300000	0.024000
60400000	-0.010400
60500000	0.032800
60600000	0.026200
60700000	0.003400
60800000	0.011200
60900000	-0.087800
61000000	-0.082200
61100000	-0.023200
61200000	-0.002600
61300000	-0.044600
61400000	-0.010000
61500000	0.035800
61600000	-0.015600
61700000	0.030800
61800000	0.009600
61900000	-0.002400
62000000	0.066800
62100000	0.041800
62200000	-0.025200
62300000	-0.007600
62400000	-0.002600
62500000	-0.047400
62600000	-0.002200
62700000	0.067200
62800000	0.049400
62900000	0.012600
63000000	0.034800
63100000	0.071200
63200000	0.040600
63300000	-0.021400
63400000	0.008200
63500000	0.001600
63600000	-0.089000
63700000	-0.021400
63800000	-0.008000
63900000	0.069800
64000000	0.027400
64100000	0.011200
64200000	0.042000
64300000	-0.030200
64400000	-0.024400
64500000	-0.049200
64600000	-0.057000
64700000	-0.055400
64800000	-0.039000
64900000	-0.032000
65000000	-0.043000
65100000	-0.028600
65200000	0.004200
65300000	0.004600
65400000	-0.019400
65500000	-0.057600
65600000	-0.061000
65700000	-0.073600
65800000	-0.071800
65900000	0.003400
66000000	-0.050600
66100000	-0.037400
66200000	-0.011400
66300000	-0.003800
66400000	-0.025800
66500000	0.014200
66600000	-0.015800
66700000	-0.030200
66800000	0.004600
66900000	0.047200
67000000	0.042000
67100000	-0.013000
67200000	0.030600
67300000	-0.043600
67400000	-0.022600
67500000	-0.004800
67600000	-0.019800
67700000	0.018800
67800000	-0.030000
67900000	-0.043600
68000000	0.010000
68100000	-0.017000
68200000	0.003800
68300000	-0.011400
68400000	-0.029000
68500000	-0.045000
68600000	-0.013800
68700000	0.031800
68800000	0.020800
68900000	-0.037800
69000000	-0.017200
69100000	-0.010800
69200000	0.017800
69300000	0.027800
69400000	-0.019000
69500000	0.042000
69600000	-0.027400
69700000	-0.042200
69800000	-0.029200
69900000	-0.023000
70000000	-0.003600
70100000	-0.004400
70200000	-0.007200
70300000	-0.062600
70400000	-0.038800
70500000	-0.018400
70600000	0.011600
70700000	-0.030200
70800000	-0.048200
70900000	-0.026400
71000000	0.016800
71100000	0.028000
71200000	0.005000
71300000	0.048200
71400000	-0.003000
71500000	0.003400
71600000	-0.013200
71700000	-0.012800
71800000	-0.037400
71900000	-0.026600
72000000	-0.025000
72100000	-0.046600
72200000	-0.035400
72300000	-0.011400
72400000	-0.000600
72500000	-0.007000
72600000	-0.056800
72700000	-0.004000
72800000	-0.077600
72900000	-0.049200
73000000	-0.064400
73100000	0.022200
73200000	0.026400
73300000	0.056400
73400000	-0.049600
73500000	-0.056600
73600000	-0.030000
73700000	0.025000
73800000	0.024400
73900000	0.006800
74000000	-0.019000
74100000	0.013200
74200000	0.022400
74300000	-0.004200
74400000	0.011400
74500000	0.002800
74600000	0.042800
74700000	0.024000
74800000	0.002600
74900000	0.003400
75000000	0.004800
75100000	-0.047000
75200000	-0.016600
75300000	-0.063000
75400000	-0.083800
75500000	-0.018600
75600000	0.038600
75700000	0.007200
75800000	0.031600
75900000	0.002800
76000000	0.025000
76100000	-0.048800
76200000	-0.021200
76300000	-0.015600
76400000	-0.056600
76500000	-0.007800
76600000	-0.033200
76700000	-0.054000
76800000	-0.007800
76900000	-0.021600
77000000	0.009200
77100000	-0.003600
77200000	0.044000
77300000	-0.001200
77400000	0.028400
77500000	0.080600
77600000	0.058200
77700000	0.011600
77800000	-0.054600
77900000	-0.023400
78000000	-0.012200
78100000	-0.031400
78200000	-0.010000
78300000	0.008400
78400000	0.038200
78500000	0.056800
78600000	0.012000
78700000	-0.008000
78800000	0.035000
78900000	0.101200
79000000	0.090800
79100000	0.076600
79200000	0.064200
79300000	0.045400
79400000	0.033800
79500000	0.011400
79600000	-0.005400
79700000	-0.035600
79800000	0.042600
79900000	0.005000
80000000	-0.016200
80100000	0.080800
80200000	0.025400
80300000	0.029200
80400000	0.018800
80500000	0.021000
80600000	0.001600
80700000	-0.006200
80800000	-0.042000
80900000	-0.082800
81000000	-0.044600
81100000	-0.018200
81200000	0.022600
81300000	0.016800
81400000	0.039400
81500000	0.026400
81600000	-0.006800
81700000	0.042600
81800000	-0.013000
81900000	-0.054200
82000000	-0.054000
82100000	-0.020600
82200000	-0.052200
82300000	-0.077400
82400000	-0.004600
82500000	-0.022200
82600000	0.025800
82700000	0.058600
82800000	0.040000
82900000	0.034400
83000000	0.015200
83100000	-0.011000
83200000	-0.012800
83300000	-0.007800
83400000	-0.035600
83500000	-0.012400
83600000	0.005600
83700000	0.020600
83800000	0.014200
83900000	0.036600
84000000	-0.025600
84100000	0.038200
84200000	0.000200
84300000	-0.004000
84400000	0.015600
84500000	0.040800
84600000	0.030400
84700000	-0.014200
84800000	-0.074200
84900000	-0.105600
85000000	0.004400
85100000	-0.016200
85200000	-0.003000
85300000	-0.053400
85400000	-0.093400
85500000	-0.035200
85600000	-0.046800
85700000	-0.030800
85800000	0.011800
85900000	-0.049000
86000000	-0.088200
86100000	-0.077600
86200000	-0.032400
86300000	-0.004800
86400000	0.046200
86500000	0.035200
86600000	0.088400
86700000	0.038600
86800000	0.027200
86900000	0.003400
87000000	-0.016000
87100000	-0.025000
87200000	0.003400
87300000	0.010000
87400000	-0.003200
87500000	0.071000
87600000	0.048200
87700000	0.049400
87800000	0.049600
87900000	-0.029000
88000000	-0.016800
88100000	0.049600
88200000	0.038600
88300000	0.035800
88400000	0.030200
88500000	0.055800
88600000	0.066800
88700000	0.055000
88800000	0.058000
88900000	0.017000
89000000	0.017600
89100000	0.071800
89200000	0.021000
89300000	-0.011400
89400000	-0.024600
89500000	-0.044000
89600000	-0.024400
89700000	-0.031400
89800000	-0.069200
89900000	0.031000
90000000	0.038800
90100000	0.027800
90200000	0.032600
90300000	0.048800
90400000	0.002200
90500000	-0.041200
90600000	-0.009200
90700000	0.012400
90800000	0.029600
90900000	0.051400
91000000	0.048400
91100000	-0.000200
91200000	0.045200
91300000	-0.002000
91400000	0.040200
91500000	0.012200
91600000	-0.001200
91700000	-0.056000
91800000	-0.007200
91900000	0.007400
92000000	-0.051200
92100000	-0.034200
92200000	-0.006200
92300000	0.084000
92400000	0.038400
92500000	-0.000400
92600000	-0.007800
92700000	-0.010400
92800000	-0.013800
92900000	-0.016400
93000000	0.068000
93100000	0.035000
93200000	0.097600
93300000	0.102800
93400000	0.069600
93500000	-0.013600
93600000	-0.045600
93700000	0.076200
93800000	0.130400
93900000	0.067000
94000000	-0.003200
94100000	0.015000
94200000	-0.017800
94300000	-0.032600
94400000	0.003000
94500000	0.040200
94600000	-0.021000
94700000	-0.003000
94800000	-0.003800
94900000	0.001400
95000000	0.024000
95100000	-0.065200
95200000	-0.052200
95300000	0.016400
95400000	0.010000
95500000	0.023600
95600000	0.026000
95700000	-0.042200
95800000	0.026600
95900000	-0.025200
96000000	-0.000600
96100000	-0.013000
96200000	-0.062000
96300000	-0.013400
96400000	-0.038600
96500000	-0.026000
96600000	-0.056000
96700000	-0.023200
96800000	-0.011600
96900000	-0.045600
97000000	-0.014000
97100000	0.015800
97200000	0.079600
97300000	0.023000
97400000	0.014400
97500000	0.047600
97600000	0.030200
97700000	0.015800
97800000	0.055600
97900000	0.033000
98000000	0.048000
98100000	0.031200
98200000	0.033000
98300000	-0.062800
98400000	-0.070800
98500000	-0.022200
98600000	-0.042800
98700000	-0.035200
98800000	-0.030800
98900000	0.059200
99000000	0.010600
99100000	0.017000
99200000	0.019800
99300000	-0.002000
99400000	-0.010400
99500000	-0.044800
99600000	0.015000
99700000	-0.048400
99800000	-0.022200
99900000	0.005600
