50000000	-0.005600
50100000	-0.025800
50200000	-0.070800
50300000	-0.031600
50400000	-0.025000
50500000	-0.054400
50600000	-0.073400
50700000	-0.045400
50800000	-0.009800
50900000	-0.039600
51000000	-0.030000
51100000	0.045400
51200000	0.064600
51300000	-0.019000
51400000	0.022800
51500000	-0.056800
51600000	0.003600
51700000	-0.015400
51800000	-0.070800
51900000	-0.082400
52000000	-0.093400
52100000	-0.036600
52200000	-0.108200
52300000	-0.072200
52400000	-0.032400
52500000	-0.059000
52600000	-0.077800
52700000	-0.045400
52800000	-0.085000
52900000	-0.139200
53000000	-0.092400
53100000	-0.085400
53200000	-0.077400
53300000	-0.060000
53400000	-0.071200
53500000	0.033800
53600000	-0.057400
53700000	-0.063600
53800000	-0.036600
53900000	0.011200
54000000	0.041200
54100000	0.066400
54200000	0.030200
54300000	0.034600
54400000	-0.012200
54500000	-0.022400
54600000	-0.004000
54700000	0.021200
54800000	0.058200
54900000	0.045000
55000000	0.127600
55100000	0.071000
55200000	0.052400
55300000	0.075000
55400000	0.131400
55500000	0.141600
55600000	0.039800
55700000	-0.000400
55800000	-0.003200
55900000	0.010000
56000000	0.019200
56100000	0.021200
56200000	0.054000
56300000	-0.002600
56400000	0.000600
56500000	0.037400
56600000	-0.006200
56700000	0.053600
56800000	0.110200
56900000	0.073800
57000000	0.063200
57100000	0.011400
57200000	0.090200
57300000	0.073400
57400000	0.036200
57500000	-0.012000
57600000	0.026400
57700000	-0.046800
57800000	-0.052800
57900000	-0.080800
58000000	-0.053400
58100000	-0.008800
58200000	0.024600
58300000	0.014800
58400000	-0.024800
58500000	0.035400
58600000	0.018400
58700000	0.028200
58800000	0.099000
58900000	0.048000
59000000	0.071200
59100000	-0.016200
59200000	-0.030800
59300000	-0.026000
59400000	-0.036800
59500000	-0.035000
59600000	-0.087600
59700000	-0.083400
59800000	-0.062400
59900000	-0.009800
60000000	-0.041000
60100000	-0.032600
60200000	-0.005600
60300000	-0.019400
60400000	0.034000
60500000	0.065800
60600000	0.107000
60700000	0.127800
60800000	0.121600
60900000	0.171600
61000000	0.140600
61100000	0.186200
61200000	0.138200
61300000	0.184800
61400000	0.185200
61500000	0.148600
61600000	0.115800
61700000	0.097600
61800000	0.076200
61900000	0.098400
62000000	0.021200
62100000	0.006600
62200000	-0.084400
62300000	-0.107400
62400000	-0.163400
62500000	-0.111400
62600000	-0.043000
62700000	-0.083000
62800000	-0.053600
62900000	-0.004000
63000000	-0.043600
63100000	-0.061800
63200000	-0.076800
63300000	-0.068200
63400000	0.029200
63500000	0.054800
63600000	-0.012200
63700000	0.020400
63800000	0.069800
63900000	0.061200
64000000	-0.009400
64100000	-0.018000
64200000	0.037000
64300000	0.029000
64400000	0.038000
64500000	0.068000
64600000	0.032200
64700000	0.045200
64800000	0.073200
64900000	0.094600
65000000	0.104000
65100000	0.137600
65200000	0.082600
65300000	0.031000
65400000	0.050200
65500000	0.033200
65600000	-0.012400
65700000	-0.069400
65800000	-0.090200
65900000	-0.088400
66000000	-0.025800
66100000	-0.039400
66200000	0.031000
66300000	0.012000
66400000	-0.021200
66500000	0.039400
66600000	0.038800
66700000	-0.005400
66800000	0.020400
66900000	0.014000
67000000	-0.072200
67100000	-0.051600
67200000	-0.081400
67300000	-0.064600
67400000	-0.061000
67500000	-0.069200
67600000	-0.052000
67700000	-0.027600
67800000	0.013800
67900000	0.039800
68000000	0.046400
68100000	0.018000
68200000	-0.005600
68300000	-0.065200
68400000	-0.080000
68500000	-0.135600
68600000	-0.057400
68700000	-0.095600
68800000	-0.075000
68900000	-0.047600
69000000	-0.033600
69100000	-0.115000
69200000	-0.128400
69300000	-0.109200
69400000	-0.087400
69500000	-0.059000
69600000	-0.097400
69700000	-0.109200
69800000	-0.029000
69900000	-0.053200
70000000	-0.068200
70100000	-0.061800
70200000	-0.059000
70300000	-0.041000
70400000	-0.039200
70500000	-0.072200
70600000	-0.174000
70700000	-0.144800
70800000	-0.177400
70900000	-0.089200
71000000	-0.088600
71100000	-0.145200
71200000	-0.065400
71300000	-0.034600
71400000	-0.055400
71500000	-0.076000
71600000	-0.009600
71700000	-0.065200
71800000	-0.068600
71900000	-0.077400
72000000	-0.116800
72100000	-0.148800
72200000	-0.080200
72300000	-0.033600
72400000	-0.058200
72500000	-0.063200
72600000	-0.074200
72700000	-0.004200
72800000	-0.001800
72900000	-0.014400
73000000	0.032000
73100000	0.009600
73200000	-0.045000
73300000	0.014000
73400000	0.021600
73500000	0.034800
73600000	0.054000
73700000	0.002600
73800000	0.014600
73900000	-0.062800
74000000	-0.063800
74100000	-0.029000
74200000	-0.070800
74300000	-0.057000
74400000	0.018600
74500000	0.052600
74600000	0.003200
74700000	-0.005200
74800000	0.014600
74900000	0.033400
75000000	0.054200
75100000	0.047000
75200000	0.056000
75300000	0.064200
75400000	0.091200
75500000	0.102200
75600000	0.086200
75700000	0.051800
75800000	0.007000
75900000	0.000400
76000000	-0.028400
76100000	0.046200
76200000	-0.031200
76300000	0.036800
76400000	-0.033400
76500000	-0.054400
76600000	-0.017200
76700000	0.013000
76800000	-0.005400
76900000	0.047200
77000000	0.109800
77100000	0.066800
77200000	0.051400
77300000	0.069600
77400000	0.073800
77500000	0.022400
77600000	0.024800
77700000	0.035600
77800000	0.084600
77900000	0.087000
78000000	0.080200
78100000	-0.004600
78200000	-0.058000
78300000	-0.013200
78400000	-0.033800
78500000	-0.004000
78600000	-0.026200
78700000	-0.015600
78800000	-0.059800
78900000	0.004200
79000000	0.013400
79100000	0.027000
79200000	0.005200
79300000	-0.018200
79400000	-0.032800
79500000	-0.085800
79600000	-0.047800
79700000	-0.041000
79800000	-0.031800
79900000	-0.008000
80000000	-0.000800
80100000	0.024000
80200000	0.043200
80300000	0.025200
80400000	-0.005000
80500000	-0.007200
80600000	0.004600
80700000	0.027600
80800000	-0.000400
80900000	0.003400
81000000	0.030000
81100000	0.047600
81200000	0.024000
81300000	0.078800
81400000	0.054400
81500000	0.027200
81600000	0.035200
81700000	0.066000
81800000	0.015800
81900000	0.008600
82000000	0.006600
82100000	-0.032400
82200000	-0.013800
82300000	0.013400
82400000	-0.033800
82500000	0.014800
82600000	0.036200
82700000	0.012400
82800000	-0.067200
82900000	-0.061400
83000000	-0.016200
83100000	0.007800
83200000	0.050200
83300000	0.090000
83400000	-0.021000
83500000	0.031800
83600000	-0.020800
83700000	-0.039800
83800000	-0.078400
83900000	-0.011200
84000000	-0.001400
84100000	-0.032000
84200000	0.005600
84300000	0.040400
84400000	0.094000
84500000	0.051800
84600000	0.087600
84700000	0.088600
84800000	0.132200
84900000	0.099800
85000000	0.107200
85100000	0.108600
85200000	0.088000
85300000	0.091400
85400000	0.038600
85500000	0.054000
85600000	0.087000
85700000	0.147200
85800000	0.131200
85900000	0.084000
86000000	0.024000
86100000	0.052000
86200000	0.087400
86300000	0.092800
86400000	0.093200
86500000	0.032000
86600000	0.007800
86700000	0.074600
86800000	0.028800
86900000	0.096000
87000000	0.105800
87100000	0.098400
87200000	0.062400
87300000	0.037400
87400000	0.015000
87500000	-0.002400
87600000	-0.007800
87700000	-0.010000
87800000	-0.018400
87900000	-0.033000
88000000	0.000600
88100000	-0.010400
88200000	-0.017200
88300000	0.022000
88400000	-0.010000
88500000	0.024400
88600000	-0.008400
88700000	-0.038400
88800000	-0.048600
88900000	-0.044800
89000000	-0.034200
89100000	0.031400
89200000	0.071400
89300000	0.121800
89400000	0.132600
89500000	0.073400
89600000	0.053000
89700000	0.083200
89800000	0.142200
89900000	0.066600
90000000	0.093400
90100000	0.176400
90200000	0.106200
90300000	0.094400
90400000	0.070000
90500000	0.092400
90600000	0.070800
90700000	0.060800
90800000	0.060800
90900000	0.090400
91000000	0.116200
91100000	0.110600
91200000	0.045800
91300000	0.029000
91400000	-0.008200
91500000	-0.024200
91600000	-0.023800
91700000	-0.088200
91800000	-0.041400
91900000	-0.021400
92000000	-0.066000
92100000	-0.113400
92200000	-0.100400
92300000	-0.029000
92400000	-0.048600
92500000	-0.059400
92600000	-0.076400
92700000	-0.005200
92800000	0.022000
92900000	0.045200
93000000	-0.022400
93100000	0.003800
93200000	-0.060400
93300000	-0.026200
93400000	-0.031200
93500000	-0.050800
93600000	-0.006400
93700000	-0.025400
93800000	-0.034200
93900000	-0.077600
94000000	-0.072600
94100000	-0.051000
94200000	-0.039200
94300000	-0.088000
94400000	-0.096000
94500000	-0.033600
94600000	-0.055400
94700000	-0.047800
94800000	-0.042400
94900000	-0.071800
95000000	-0.039000
95100000	-0.085600
95200000	-0.060200
95300000	0.009000
95400000	0.073200
95500000	0.069400
95600000	0.033200
95700000	0.001600
95800000	-0.008000
95900000	-0.000600
96000000	0.018400
96100000	-0.001200
96200000	0.029200
96300000	0.005000
96400000	-0.041200
96500000	-0.019000
96600000	-0.055800
96700000	-0.020000
96800000	-0.035400
96900000	0.032600
97000000	0.035600
97100000	-0.001600
97200000	-0.023400
97300000	-0.053000
97400000	-0.046600
97500000	-0.000200
97600000	0.030800
97700000	0.016400
97800000	0.053800
97900000	0.020800
98000000	0.055000
98100000	0.107200
98200000	0.099800
98300000	0.057800
98400000	0.119200
98500000	0.124400
98600000	0.132000
98700000	0.098800
98800000	0.062600
98900000	0.055200
99000000	0.051600
99100000	-0.020800
99200000	0.050800
99300000	-0.012600
99400000	0.047000
99500000	0.005000
99600000	-0.030800
99700000	-0.074600
99800000	-0.054400
99900000	-0.128000
